"s1cmr2"	"s1cmr3"	"s1cmt2"	"s1cmt3"	"s1rmr2"	"s1rmr3"	"s1rmt2"	"s1rmt3"	"s2cmr2"	"s2cmr3"	"s2cmt2"	"s2cmt3"	"s2rmr2"	"s2rmr3"	"s2rmt2"	"s2rmt3"	"s3cmr2"	"s3cmr3"	"s3cmt3"	"s3rmr2"	"s3rmr3"	"s3rmt3"
"BASV8"	0.004041452548082	0.013304407925051	0.00014905351021	0.000649561545956	0.004234866199013	0.007007561292293	0	0	0.00555217338366	0.014942761053266	0.000290275761974	0	0.003116483981071	0.004281317720998	0.000155134967422	0	0.004231103227833	0.008297633406812	0	0	0	0
"BASV11"	0.004395993973234	0.003743664567655	0	0.000324780772978	0.007950116913484	0.021347284808676	0	0	0.004870327529526	0.003179749360933	0.000145137880987	0	0.004567414711362	0.013557647446277	0.000310269934843	0	0.004545202594091	0.003680905045127	0	0	0	0
"BASV18"	0.008083005096163	0.003686069728153	0.016246832612908	0.010392984735303	0.010236444271239	0.00811502329489	0.029599853827882	0.005555555555556	0.0108852754779	0.00598547985951	0.020464441219158	0.009814612868048	0.009596517552393	0.012404928336581	0.033974557865343	0.003569607343192	0.011658694385012	0.006301226036684	0	0	0	0
"BASV27"	0.008260214481964	0.00143987098756	0.00014905351021	0	0.006027539620681	0.003952493698923	0	0	0.004894679167174	0.002119832907288	0	0	0.004056259996372	0.006504377418558	0	0.00050994390617	0.006965615357611	0.002578713138959	0	0	0	0
"BASV31"	0.000496321900204	0.000691138074029	0	0	0.000311769290725	0.001298403727182	0	0	0.00041397784001	0.001267743209261	0.000145137880987	0	0.000148399755965	0.001289897631528	0.000310269934843	0	0.00053581656597	0.00193403485422	0	0	0	0
"BASV45"	0.005300008862891	0.001420672707725	0.001937695632732	0.028580708022085	0.003611327617563	0.003837928664171	0.000730860588343	0.000757575757576	0.00640452906368	0.002577051769645	0.001741654571843	0.002726281352235	0.004221148614111	0.003979471416418	0.000775674837109	0.001019887812341	0.00458215546071	0.002703493507466	0	0	0	0
"BASV61"	0.000106354692901	0	0	0	2.6e-05	0	0	0	2.44e-05	0	0	0	4.95e-05	2.74e-05	0	0	7.39e-05	4.16e-05	0	0	0	0
"BASV62"	0.002304351679518	0.003014129933958	0.00014905351021	0	0.002702000519615	0.002023982280608	0	0	0.002727383416535	0.002847226551946	0	0	0.002061107721734	0.004336251612372	0	0.00050994390617	0.002937752896181	0.00517822235162	0	0	0	0
"BASV66"	0.001967561818665	0.000364775917678	0	0	0.000285807742271	0.000668319346216	0	0	0.000316571289419	0.000103913377808	0.000145137880987	0	0.002539284713176	0.000411669456871	0.000155134967422	0	0.002512794930067	0.000124776442208	0	0	0	0
"BASV76"	0.000354515643003	0.000383965596683	0	0.000324780772978	0.000467653936087	0.000420071794088	0	0.000252525252525	0.001071472056496	0.001870440800549	0.000145137880987	0.000545256270447	0.000741998779824	0.001399676153361	0.000155134967422	0.00050994390617	0.001053156698631	0.00226677203344	0	0	0	0
"BASV88"	0.002499335283169	9.6e-05	0.00014905351021	0	0.003065731358794	0.001317497899641	0.000365430294171	0	0.004456349689517	0.000415653511233	0	0	0.005358880076508	0.000905672805116	0.000310269934843	0	0.002069360530643	0.000311941105519	0	0	0	0
"BASV95"	0.002197996986617	0.000844724312702	0	0	0.002416212003118	0.003971587871382	0	0	0.003141361256545	0.001288525884822	0	0	0.003033950566392	0.006861157614513	0	0	0.002568224229995	0.001143784053571	0	0	0	0
"BASV99"	0.001116724275459	0.000806327753033	0.00044716053063	0.001623903864891	0.002909846713432	0.000992896967845	0.000913575735428	0.001262626262626	0.004164130037745	0.000831307022466	0.000290275761974	0	0.002028129998186	0.002360238219392	0.000155134967422	0.00050994390617	0.002401936330211	0.001414133011687	0	0	0	0
"BASV112"	0.000779934414606	0.000806327753033	0	0	0.00062353858145	0.000420071794088	0.000182715147086	0	0.001363691708267	0.000540349564603	0.000145137880987	0	0.001681863900935	0.000686115761451	0	0	0.001256397465033	0.001726074117207	0	0	0	0
"BASV116"	0.000230435167952	0.00034557075718	0.00014905351021	0	0.000129903871135	1.91e-05	0	0	0.000292264738829	0.0001039	0	0	0.00023085520306	0.001427120783819	0	0	0.000387975799568	0.000353545031818	0	0	0	0
"BASV120"	1.77e-05	3.84e-05	0	0	7.79e-05	0.00013365920721	0	0	9.74e-05	0	0	0	4.95e-05	2.74e-05	0	0	3.7e-05	2.08e-05	0	0	0	0
"BASV121"	3.55e-05	3.84e-05	0	0	0	0.001393874589475	0	0	0	2.08e-05	0	0	1.65e-05	2.74e-05	0	0	0	8.32e-05	0	0	0	0
"BASV125"	0.000496321900204	3.84e-05	0.00029810702042	0	0.000935307872175	7.64e-05	0	0	0.000560087665896	0.000187044080055	0.000435413642961	0	0.000873909674015	0.000274446304581	0.000155134967422	0	0.000424957966114	4.16e-05	0	0	0	0
"BASV136"	0.001364885225561	0.002399784979266	0	0	0.000597557807223	0.000591919346216	0	0	0.003214416169487	0.002182180933973	0	0	0.000148399755965	0.000192112413206	0	0	0.001496591098054	0.002932246391881	0	0	0	0
"BASV137"	0.001116724275459	0.000172784518507	0.002682963183783	0.001299123091913	0.001195115614445	0.00026731841442	0.004567878677142	0	0.004334591501278	0.00012469605337	0.012191582002903	0.001090512540894	0.003479149834287	0.000411669456871	0.007291343468818	0.001019887812341	0.001699831864457	6.24e-05	0	0	0	0
"BASV160"	0.000389941425153	0.003033329933958	0.001043374571471	0.01104254628126	0.000389730839179	0.001355686244558	0.000730860588343	0.014393939393939	0.000535736028248	0.003990273707837	0.001161103047896	0.018538713195202	0.001187209185945	0.001344786892444	0.00186161960906	0.007649158592555	0.000406481532805	0.002204383812336	0	0	0	0
"BASV166"	0.000726757068156	0.000479956995853	0	0	2.6e-05	0.001451157106851	0	0	0.002435163764763	0.001870440800549	0	0	4.95e-05	0.001619233197025	0	0	0.000702104465754	0.014328494780186	0	0	0	0
"BASV182"	0.002729770451121	0.000710336353863	0	0.000974342318935	0.003351519875292	0.002539524936989	0	0	0.002215999025934	0.000893655049151	0	0	0.002671195607367	0.003156132502676	0	0.001019887812341	0.00351052232877	0.001039803685064	0	0	0	0
"BASV186"	0.001258527404059	0.00092152087237	0	0.000324780772978	0.001870654195895	0.005250926563813	0	0.000252525252525	0.000657487665896	0.00191202347611	0.000145137880987	0.000545256270447	0.00130266463304	0.009907511595356	0	0	0.000868392365538	0.001663689822402	0	0	0	0
"BASV188"	0.000212709385802	0.000518353555521	0	0	0.000207846193817	0.000114565034751	0	0	0.000633142578838	0.000290957457863	0	0	0.000131910894191	0	0	0	0.000314099366258	0.000311941105519	0	0	0	0
"BASV200"	0.001648497739963	0.000345569037014	0.002682963183783	0	0.002650038971161	0.000190941724586	0.005481454412571	0.000505050505051	0.001388043345915	8.31e-05	0.005370101596517	0	0.002737151054463	8.23e-05	0.00372323921812	0	0.002346507030283	6.24e-05	0	0	0	0
"BASV201"	0	0.000518353555521	0	0	0	0	0	0	0	2.08e-05	0	0.000545256270447	1.65e-05	2.74e-05	0	0	5.54e-05	0.000145572515909	0	0	0	0
"BASV210"	8.86e-05	7.68e-05	0	0	2.6e-05	0	0	0	0.000121758188238	2.08e-05	0	0	0.000164888617739	5.49e-05	0.000155134967422	0	5.54e-05	6.24e-05	0	0	0	0
"BASV230"	0.000124080475051	0.000249577637844	0.00014905351021	0.000324780772978	2.6e-05	0.0001337	0.000182715147086	0.00050505050505	0.000219213101181	0.000103913377808	0.000145137880987	0	0.000214377479513	0	0	0.00050994390617	0.000147835033165	0.000145572515909	0	0	0	0
"BASV232"	0.001524417264912	0.000153586238673	0.001639588612312	0.002273465410848	0.001766692647441	0.000381883449171	0.001461721176686	0	0.002897844880068	0.00024939210674	0.000725689404935	0	0.001648886177387	0.000713560391909	0.002327024511325	0.00050994390617	0.001422685364817	0.000124776442208	0	0	0	0
"BASV236"	0.000407692989453	0.001497465827062	0	0	0.000311769290725	0.000611013518674	0	0	0.000438329477657	0.002410790365152	0	0	0.000346266097251	0.000411669456871	0.000155134967422	0	0.000443434399424	0.000561493989935	0	0	0	0
"BASV250"	0.001825755561464	0.000364767316848	0.00014905351021	0	0.000675500129904	5.73e-05	0.000182715147086	0	0.000535736028248	0.000187044080055	0.000580551523948	0	0.000560621300312	8.23e-05	0	0	0.000868392365538	0.000249552884415	0	0	0	0
"BASV260"	0.00125853053266	0.000767931193365	0	0	0.000519615484541	0.001011991140304	0	0	0.001461098258858	0.00024939210674	0	0	0.000643065609181	0.000576337239619	0	0	0.000905345232156	0.000603086137337	0	0	0	0
"BASV262"	0.000531773464504	0.000383965596683	0	0	0.000155884645362	0.000362789276713	0	0	0.000730549129429	0.000789741671343	0	0	0.000148399755965	0.000631226500535	0	0	0.000683628032445	0.001143784053571	0	0	0	0
"BASV267"	0.000372241425153	0.000345569037014	0.000894321061261	0.000324780772978	0.000415692387633	0.00013365920721	0	0.000252525252525	0.000243516376476	0.000228609431178	0.000580551523948	0	0.000346266097251	0.000164667782748	0.000155134967422	0.001529831718511	0.00027714649964	0.000311941105519	0	0	0	0
"BASV269"	0.001098998493309	0.000479956995853	0.00014905351021	0	0.001013250194856	0.000439165966547	0	0	0.000974065505905	0.000519566889041	0	0.000545256270447	0.00153346414497	0.002168125806186	0.000620539869687	0	0.000665151599135	0.000956619390259	0	0	0	0
"BASV273"	7.09e-05	0.000211181078175	0	0	0.000103923096908	0.000229130069503	0	0	9.74e-05	0.00024939210674	0	0	0.000247332926608	0.000603781870077	0	0	7.39e-05	0.000270348958117	0	0	0	0
"BASV280"	0.000106354692901	0.001075103670711	0	0	0	0.00093561445047	0	0	9.74e-05	0.001621048693809	0	0	6.6e-05	0.004034360677333	0	0	0.000240193633021	0.001726074117207	0	0	0	0
"BASV285"	7.09e-05	0	0	0	5.2e-05	9.55e-05	0	0	0	0	0	0	3.3e-05	5.49e-05	0	0	0	2.08e-05	0	0	0	0
"BASV294"	0.000389967207303	0.000940715711872	0	0	0.000597557807223	0.006740242877874	0.000182715147086	0	9.74e-05	0.000914437724713	0	0	0.002935017395749	0.00337568954634	0	0	0.000517340132661	0.000665474358441	0	0	0	0
"BASV295"	0.000336789860853	0.00088312087237	0.00014905351021	0.000649561545956	0.000103923096908	0.001565722141602	0	0.000252525252525	9.74e-05	0.000311740133425	0	0	6.6e-05	0.001921124132064	0	0.00050994390617	0.000166287899784	0.001601297674999	0	0	0	0
"BASV306"	7.09e-05	0.002015819382583	0	0	0	1.91e-05	0	0	9.74e-05	0.00012469605337	0	0	4.95e-05	0	0	0	0.000240193633021	0.000499105768831	0	0	0	0
"BASV322"	5.32e-05	0	0.00014905351021	0	0	0.00013365920721	0	0	0.000121758188238	0	0	0	4.95e-05	8.23e-05	0	0	5.54e-05	6.24e-05	0	0	0	0
"BASV334"	0.000159532039351	5.76e-05	0.007303622000298	0.000649561545956	0.000649519355677	0.000229130069503	0.012972775443084	0.001515151515152	0.000633142578838	0.000976785751398	0.015965166908563	0.001090512540894	0.001483997559648	8.23e-05	0.012255662426311	0.00050994390617	0.000351052232877	2.08e-05	0	0	0	0
"BASV338"	0.002304351679518	0.000115189679005	0.000596214040841	0.001299123091913	0.001558846453624	1.91e-05	0.000730860588343	0	0.002629976865944	4.16e-05	0.000580551523948	0.001090512540894	0.003792438207991	8.23e-05	0.001706484641638	0.001529831718511	0.002235648430427	4.16e-05	0	0	0	0
"BASV347"	0.000992643800408	0.000115189679005	0.007154568490088	0.000324780772978	0.001480904130943	5.73e-05	0.012059199707656	0.002272727272727	0.001802021185925	0.000103913377808	0.016981132075472	0	0.001385064389005	0.00013722315229	0.012721067328576	0.001019887812341	0.000849915932228	6.24e-05	0	0	0	0
"BASV348"	0.000957166453957	0.001132698510213	0	0.000324780772978	0.000285807742271	0.001355697899641	0.000182715147086	0	0.001315036795324	0.001059916453644	0	0	0.000181377479513	0.000686126500535	0	0	0.000960774532084	0.001642889822402	0	0	0	0
"BASV359"	0.000106354692901	0.000575948395024	0	0	0.000155884645362	0.000171847552127	0	0	0.000462681115305	0.000457218862356	0	0	0.000824443088694	0.000109778521832	0	0	0.00025867006633	0.000291145031818	0	0	0	0
"BASV384"	0.001453514136311	0.000537551835356	0	0	0.001870615744349	0.000916520278011	0	0	0.000803604042372	0.001475569964877	0.000145137880987	0	0.001121242600623	0.00197601339298	0.000155134967422	0	0.001810690464313	0.000707066505844	0	0	0	0
"BASV393"	0.000602676593105	0.000307172477346	0	0.000324780772978	0.002052481163939	0.000992896967845	0	0	0.000827955680019	0.000270174782301	0	0	0.000692532194503	0.000356780195955	0	0	0.000554292999279	6.24e-05	0	0	0	0
"BASV396"	0.002818399361872	1.92e-05	0	0	0.003559366069109	0.000439165966547	0	0	0.00236210885182	0.000103913377808	0	0	0.001516975283196	0.000548892609161	0	0	0.001588973264601	8.32e-05	0	0	0	0
"BASV398"	0.000443144553753	0.001228689909384	0	0	0.00025980774227	0.00066829603605	0	0	0.000316571289419	0.001267743209261	0	0.000545256270447	0.000247332926608	0.000356746304581	0	0	0.000388005099495	0.000707066505844	0	0	0	0
"BASV442"	0.000372241425153	0.001708646905237	0	0	7.79e-05	0.000381883449171	0	0	0.000292219651772	0.00024939210674	0	0	4.95e-05	0.000164667782748	0	0	0.000424957966114	0.001642889822402	0	0	0	0
"BASV453"	0.000336838296553	9.6e-05	0	0	0.000337788516498	7.64e-05	0	0	0.0001219	0.0001247	0.000580551523948	0	0.000263888617739	0.00024702315229	0	0	0.000111	0.000353537179221	0	0	0	0
"BASV461"	0.000212709385802	0.000287974197512	0.00014905351021	0	0.000701480904131	0.00040097762163	0.000730860588343	0.000252525252525	0.000316571289419	0.00049878421348	0.000290275761974	0	0.001038798291754	0.000274446304581	0	0	0.000443434399424	0.001206172274675	0	0	0	0
"BASV497"	3.55e-05	0	0	0.000649561545956	2.6e-05	0.000305506759337	0	0.000252525252525	4.87e-05	4.16e-05	0	0	0.000164888617739	0.000274446304581	0	0	5.54e-05	0	0	0	0	0
"BASV513"	0.000124080475051	0.000211181078175	0	0.000324780772978	0.000675500129904	0.001412968761934	0	0	0.000219164738829	0.00012469605337	0	0	0.000230844064834	0.000219557043664	0	0	5.54e-05	0.000291145031818	0	0	0	0
"BASV517"	0.000177257821501	7.68e-05	0	0	0.000207846193817	0.00040097762163	0	0	0.000146109825886	2.08e-05	0	0	0.000362754959025	0.000548892609161	0	0	0.000184764333093	2.08e-05	0	0	0	0
"BASV525"	8.86e-05	0.000345577637844	0	0	0.000155903871135	0.000324606759337	0	0	9.75e-05	0.0001039	0	0	0.0001649	0.000411669456871	0	0	3.7e-05	0.000207976442208	0	0	0	0
"BASV556"	0.000265886732252	3.84e-05	0.00014905351021	0.003572588502761	0.000259807742271	0.000305506759337	0	0	0.000194813101181	4.16e-05	0	0	0.000148399755965	0	0	0	0.000147811466475	2.08e-05	0	0	0	0
"BASV570"	0.000549521900204	0.000134387958839	0.004322551796094	0.002273465410848	0.000337707742271	0.0001146	0.006395030147999	0.001515151515152	0.000779249129429	4.16e-05	0.007837445573295	0	0.000939865121111	5.48e-05	0.007601613403661	0.00050994390617	0.000517340132661	4.16e-05	0	0	0	0
"BASV584"	0.000425418771603	5.76e-05	0	0	0.000415692387633	0.000706484380967	0	0	0.000170461463533	0.000166261404493	0	0	0.000395732682573	0.000686115761451	0	0	0.000240193633021	6.24e-05	0	0	0	0
"BASV588"	0.000194983603652	0.000211181078175	0	0	0.000233826968044	0.00013365920721	0	0	0.000267868014124	0.000145478728932	0	0	1.65e-05	0.000164667782748	0	0	0.000129335033165	0.000207960737013	0	0	0	0
"BASV603"	1.77e-05	0	0	0	0.000493634710314	9.55e-05	0	0	0.000170461463533	0	0	0	0.000115422032417	0	0	0	5.54e-05	0.000103980368506	0	0	0	0
"BASV627"	1.77e-05	0.000537551835356	0	0.000324780772978	0	0.00147025127931	0	0	0	0.000768958995781	0	0	0	0.000795894283283	0	0	1.85e-05	0.002620305286362	0	0	0	0
"BASV645"	3.55e-05	0.001727845185071	0	0.000324780772978	5.2e-05	7.64e-05	0	0	2.44e-05	2.08e-05	0.000145137880987	0	1.65e-05	0	0	0.00050994390617	5.54e-05	0.000187164663312	0	0	0	0
"BASV673"	0.000797660196756	0.000153586238673	0	0	0.005170174071187	0.000190941724586	0.000182715147086	0	0.006185315962498	6.23e-05	0.000725689404935	0	0.001385064389005	0.000466558717787	0.000465404902265	0	0.002272601297046	0.000103980368506	0	0	0	0
"BASV729"	0.000389967207303	0.000940715711872	0	0	0.000415692387633	0.000649201863591	0	0	0.000146109825886	0.000228609431178	0	0	0.000181377479513	0.000686115761451	0	0.00050994390617	0.000351052232877	0.001434929085389	0	0	0	0
"BASV733"	7.09e-05	7.68e-05	0	0	0.000129903871135	0.00013365920721	0	0	0.000121758188238	6.23e-05	0	0	4.95e-05	5.49e-05	0	0	3.7e-05	4.16e-05	0	0	0	0
"BASV741"	0.000212709385802	7.68e-05	0.003428230734834	0.009743423189347	0.000207846193817	0.000305506759337	0.002740727206285	0.003030303030303	0.000657494216486	0.000540349564603	0.005370101596517	0.005452562704471	0.000131910894191	0.000301890935039	0.003102699348433	0.007139214686385	0.000129335033165	0.000145572515909	0	0	0	0
"BASV763"	0.000389967207303	0.000115189679005	0	0	0.000129903871135	0.000229130069503	0	0	0.000292219651772	0.000187044080055	0.000290275761974	0	0.000197866341286	0.000109778521832	0	0	9.24e-05	0.000395125400324	0	0	0	0
"BASV777"	0.000354515643003	0.000537551835356	0	0	0.000129903871135	0.000381883449171	0	0	0.000730549129429	0.000727393644658	0	0.000545256270447	0.000280310650156	0.000164667782748	0	0.00050994390617	0.000480387266042	0.000540697916233	0	0	0	0
"BASV792"	5.32e-05	0.000940715711872	0	0	0.000259807742271	0.00040097762163	0	0	0.000243516376476	0.001101481804768	0	0.000545256270447	0.000131910894191	0.000466558717787	0	0.00050994390617	0.000110858599856	0.001913238780518	0	0	0	0
"BASV794"	0.001010369582558	0.000115189679005	0	0	0.001558846453624	3.82e-05	0	0	0.00092536223061	0.000187044080055	0.000145137880987	0	0.000923376259337	0	0	0	0.00160744969791	0.000207960737013	0	0	0	0
"BASV805"	0.000124080475051	9.6e-05	0	0	0.000103923096908	0.000190941724586	0	0	7.31e-05	0.00037408816011	0	0	9.89e-05	0.000109778521832	0	0	7.39e-05	0.000103980368506	0	0	0	0
"BASV820"	8.86e-05	0.000172784518507	0	0	0.000129903871135	0.000229130069503	0	0	9.74e-05	0.00012469605337	0	0	0.000115422032417	0.000109778521832	0	0.00050994390617	0.000129335033165	0.000103980368506	0	0	0	0
"BASV824"	0.001152175839759	3.84e-05	0.00029810702042	0	0.002520135100026	0	0.001461721176686	0	0.001948131011811	0	0	0	0.001104753738849	0	0.000620539869687	0	0.001662878997838	4.16e-05	0	0	0	0
"BASV840"	0.000620402375255	0.000153586238673	0	0.000324780772978	0.000519615484541	0.000381883449171	0.000182715147086	0.000252525252525	0.00041397784001	8.31e-05	0	0	0.000131910894191	0.000219557043664	0	0	0.000406481532805	0.000332737179221	0	0	0	0
"BASV851"	0.000584999246654	0.000921517432039	0	0	0.000155923096908	0.000439165966547	0	0.000252525252525	0.000462677840009	0.000623432240164	0	0	0.000230910894191	0.000384190935038	0	0.00050994390617	0.000498905099495	0.000519901842532	0	0	0	0
"BASV858"	0.000584950810955	0.000115189679005	0	0.000324780772978	0.000415692387633	0.000496448483923	0	0.000252525252525	0.000438329477657	0.000436436186795	0	0	0.000445199267895	0.000384224826413	0	0.00050994390617	0.000461910832733	0.000311941105519	0	0	0	0
"BASV878"	0	0.000211182798341	0	0	5.2e-05	9.55e-05	0	0	0	0	0	0	6.6e-05	0.000109778521832	0.000155134967422	0	0	0	0	0	0	0
"BASV879"	0.000319064078702	0.000211181078175	0	0	0.000597557807223	0.000477354311464	0	0	0.000194813101181	0.000207826755617	0	0	0.00021435520306	0.000329335565497	0	0	0.000443434399424	0.000207960737013	0	0	0	0
"BASV924"	0.000159532039351	0.000153586238673	0	0	2.6e-05	0.000190941724586	0	0	4.87e-05	8.31e-05	0	0	0.000148399755965	8.23e-05	0	0	0.000110858599856	0.00016636858961	0	0	0	0
"BASV932"	0.000974937543207	7.68e-05	0.011775227306603	0.001623903864891	0.000571577032996	0.000152753379669	0.017723369267312	0.000252525252525	0.000365274564714	0.000311740133425	0.010885341074021	0.00381679389313	0.001418053250779	0.000247001674122	0.017064846416383	0.001529831718511	0.002013931230715	4.16e-05	0	0	0	0
"BASV939"	0.000177257821501	3.84e-05	0	0	0.000363730839179	0.000362789276713	0	0	0.000267868014124	0.000103913377808	0	0	0.000313288373704	0.000219557043664	0	0	0.000166287899784	0.000124776442208	0	0	0	0
"BASV952"	0.000159580475051	9.6e-05	0	0.000324780772978	0.00020786541959	1.91e-05	0	0	4.87e-05	0.000145478728932	0.000145137880987	0.000545256270447	0.000148399755965	8.23e-05	0	0	0.000203287899784	6.24e-05	0	0	0	0
"BASV973"	0.000212709385802	9.6e-05	0	0	0.00062353858145	0.000821049415718	0	0.000757575757576	0.00041397784001	0.000332522808986	0.000145137880987	0.000545256270447	0.00029679951193	0.000219557043664	0.000155134967422	0.001019887812341	0.000314099366258	0.000145572515909	0	0	0	0
"BASV1035"	1.77e-05	0	0	0	7.79e-05	0.000611013518674	0	0	0	0	0	0	1.65e-05	5.49e-05	0	0	1.85e-05	0	0	0	0	0
"BASV1052"	0.000141806257201	1.92e-05	0	0	0.000207846193817	0.00053463682884	0	0	0.000146109825886	0.000103913377808	0	0	0.000131910894191	0.000192112413206	0	0	7.39e-05	6.24e-05	0	0	0	0
"BASV1058"	1.77e-05	5.76e-05	0	0	0	5.73e-05	0	0	2.44e-05	4.16e-05	0	0	0	0	0	0	3.7e-05	4.16e-05	0	0	0	0
"BASV1076"	7.09e-05	7.68e-05	0	0	5.2e-05	0	0	0	7.31e-05	2.08e-05	0	0	8.24e-05	0.000164667782748	0	0	0.000129335033165	4.16e-05	0	0	0	0
"BASV1125"	0.000726757068156	7.68e-05	0	0	0.000857365549493	0.000248224241961	0	0.000252525252525	0.0005113843906	4.16e-05	0.000145137880987	0	0.000395732682573	0.000823338913742	0	0	0.00053581656597	0.000103980368506	0	0	0	0
"BASV1129"	0.000212680475051	0.000345577637844	0	0	0.000623577032996	0.000420083449171	0	0	0.000243564738829	0.000394870835671	0	0	0.000626599023859	0.000658671130993	0.000155134967422	0	0.000443434399423	0.000187176442208	0	0	0	0
"BASV1137"	0	9.6e-05	0.00014905351021	0	0.000103923096908	9.55e-05	0	0	9.74e-05	0.000207826755617	0	0	3.3e-05	5.49e-05	0	0	7.39e-05	6.24e-05	0	0	0	0
"BASV1167"	0.000709031286005	0.000364767316848	0.00014905351021	0	0.00044167316186	0.000152753379669	0	0.000252525252525	0.000608790941191	0.000353305484548	0.000290275761974	0.000545256270447	0.00029679951193	5.49e-05	0.000155134967422	0	0.000388005099496	0.000103980368506	0	0	0	0
"BASV1231"	0.000443144553753	5.76e-05	0.00044716053063	0.000649561545956	0.000259807742271	0.000343695104254	0.000365430294171	0.000252525252525	0.000438329477657	0.000207826755617	0.001306240928882	0	0.000230844064834	0.00013722315229	0.00093080980453	0	0.00027714649964	0.00016636858961	0	0	0	0
"BASV1232"	8.86e-05	0.000307172477346	0	0	0.000103923096908	0.00013365920721	0	0	9.74e-05	0.000457218862356	0	0	3.3e-05	8.23e-05	0	0	9.24e-05	0.000207960737013	0	0	0	0
"BASV1245"	8.86e-05	0.000191982798341	0.00029810702042	0.002598246183826	5.2e-05	0.000248224241961	0.000182715147086	0.000505050505051	7.31e-05	0	0	0.000545256270447	4.95e-05	0.000274446304581	0	0.001529831718511	0.000147811466475	0.000249552884415	0	0	0	0
"BASV1282"	0.000159532039351	0.000172784518507	0.00014905351021	0.000324780772978	0.00018186541959	0.000362789276713	0	0	0.000121758188238	6.23e-05	0.000145137880987	0	6.6e-05	0.000192112413206	0	0	0.000147811466475	0.00016636858961	0	0	0	0
"BASV1292"	0.000567225028804	0.000403163876517	0	0	0.000493634710314	0.000477354311464	0	0	0.000681845854134	0.000290957457863	0	0	0.000230844064834	0.000384224826413	0	0	0.000591245865898	0.00047830969513	0	0	0	0
"BASV1340"	0	7.68e-05	0	0	5.2e-05	3.82e-05	0	0	2.44e-05	2.08e-05	0	0	3.3e-05	8.23e-05	0	0	1.85e-05	4.16e-05	0	0	0	0
"BASV1362"	0.000159532039351	0.000364767316848	0	0.000324780772978	0.00018186541959	0.000305506759337	0	0	0.000194813101181	0.000415653511233	0	0	0.000197866341286	0.000329335565497	0	0.00050994390617	0.000110858599856	0.000332737179221	0	0	0	0
"BASV1364"	7.09e-05	0.00055675011519	0.00014905351021	0	0.000337750064952	0.00026731841442	0	0	7.31e-05	0.000103913377808	0	0	0.000263821788382	0.00013722315229	0.000155134967422	0	0.000129335033165	0.000124776442208	0	0	0	0
"BASV1435"	0.000159532039351	0.000191982798341	0	0	0.000337750064952	0.000458260139006	0	0	0.000267868014124	2.08e-05	0	0	0.000247332926608	0.000192112413206	0	0	7.39e-05	2.08e-05	0	0	0	0
"BASV1457"	0	0.002054215942252	0	0.000324780772978	0	7.64e-05	0	0	0	0.000831307022466	0	0.000545256270447	0	0	0	0	1.85e-05	0.000103980368506	0	0	0	0
"BASV1498"	5.32e-05	0	0	0	0.000129903871135	0	0	0	0.000292219651772	0	0.000435413642961	0	0.000148399755965	0	0.000310269934843	0	3.7e-05	0	0	0	0	0
"BASV1510"	0.000762208632456	0.000575948395024	0	0.000649561545956	0.000597557807223	0.000305506759337	0	0	0.000901010592962	0.000332522808986	0	0	0.000445199267895	0.000274446304581	0	0	0.000110858599856	0.000311941105519	0	0	0	0
"BASV1538"	0.000177257821501	0.00032637075718	0	0	5.2e-05	0.000171847552127	0	0	0.000170461463533	0.00024939210674	0	0	8.24e-05	5.49e-05	0	0	9.24e-05	0.000145572515909	0	0	0	0
"BASV1563"	3.55e-05	0	0	0	2.6e-05	1.91e-05	0	0	7.31e-05	2.08e-05	0	0	8.24e-05	0	0	0	5.54e-05	0	0	0	0	0
"BASV1573"	7.09e-05	1.92e-05	0	0	0.000337769290725	0	0.000182715147086	0	7.31e-05	0	0.000290275761974	0	0.000329788373704	0	0	0	3.7e-05	0	0	0	0	0
"BASV1592"	0.000124080475051	0	0	0	0.000233826968044	0.000381883449171	0	0.000252525252525	0.000560087665896	6.23e-05	0	0.001090512540894	0.000181377479513	0.000356780195955	0	0	3.7e-05	8.32e-05	0	0	0	0
"BASV1610"	0	0	0	0	5.2e-05	3.82e-05	0	0.000505050505051	0	4.16e-05	0	0	0	2.74e-05	0	0.001019887812341	0	0	0	0	0	0
"BASV1612"	1.77e-05	7.68e-05	0.00014905351021	0	0.000233826968044	5.73e-05	0	0	4.87e-05	8.31e-05	0	0	0.000329777235477	5.49e-05	0	0	5.54e-05	0.000103980368506	0	0	0	0
"BASV1637"	3.55e-05	0.000268775917678	0	0.000324780772978	0	3.82e-05	0	0	7.31e-05	0.000394870835671	0	0	0	0.000329335565497	0	0	0.000147811466475	6.24e-05	0	0	0	0
"BASV1654"	5.32e-05	0	0	0	0	0.00013365920721	0	0.000252525252525	0	4.16e-05	0.000145137880987	0	0.000148399755965	2.74e-05	0	0	9.24e-05	6.24e-05	0	0	0	0
"BASV1657"	5.32e-05	0.000268781078175	0	0	0.000155884645362	9.55e-05	0.000365430294171	0	0	0.0001247	0	0	8.24e-05	0.000109778521832	0	0	7.39e-05	0.0001248	0	0	0	0
"BASV1722"	0.000177257821501	1.92e-05	0.00029810702042	0.000324780772978	0.000467653936087	1.91e-05	0.000730860588343	0	0.000194813101181	4.16e-05	0.000145137880987	0	0.000263821788382	5.49e-05	0.000155134967422	0	0.000166287899784	4.16e-05	0	0	0	0
"BASV1736"	0.000159532039351	0.000134387958839	0	0.000324780772978	0.000363730839179	7.64e-05	0	0	0.000170461463533	0.000145478728932	0	0	4.95e-05	0	0	0	0.000129335033165	0.000124776442208	0	0	0	0
"BASV1784"	0.000744453939555	0	0.004173498285884	0	0.00062353858145	3.82e-05	0.002009866617943	0	0.000998410592962	6.23e-05	0.01044992743106	0	0.00036279951193	2.74e-05	0.001551349674217	0	0.000184764333093	6.24e-05	0	0	0	0
"BASV1785"	0.000177257821501	0.000153586238673	0.001043374571471	0.001623903864891	0.00044167316186	0.000458260139006	0.000365430294171	0.001767676767677	0.000243516376476	0.000166261404493	0.001015965166909	0.001635768811341	0.000412221544347	0.000384224826413	0.000155134967422	0.00050994390617	9.24e-05	2.08e-05	0	0	0	0
"BASV1786"	0.000283612514402	9.6e-05	0.000596214040841	0.000974342318935	0.000285788516498	9.55e-05	0.0012790060296	0	2.44e-05	0	0	0	0.000989331706432	0.00013722315229	0.000465404902265	0	0.000129335033165	4.16e-05	0	0	0	0
"BASV1790"	1.77e-05	0	0	0	0.000129903871135	3.82e-05	0	0	0.000121758188238	0	0	0	0	5.49e-05	0	0	5.54e-05	0	0	0	0	0
"BASV1823"	0	0.000422362156351	0	0	5.2e-05	0.000152753379669	0	0	0.000146109825886	0.00062348026685	0	0	8.24e-05	0.000384224826413	0	0	7.39e-05	0.000582290063636	0	0	0	0
"BASV1839"	1.77e-05	0.000364767316848	0	0.000324780772978	0	5.73e-05	0	0	0.000170461463533	0.000166261404493	0	0	1.65e-05	0.000109778521832	0	0	3.7e-05	0.000207960737013	0	0	0	0
"BASV1891"	0	7.68e-05	0	0	5.2e-05	1.91e-05	0	0	4.87e-05	0.000145478728932	0	0	1.65e-05	0.00013722315229	0	0	1.85e-05	4.16e-05	0	0	0	0
"BASV1998"	0.000443144553753	0	0.000596214040841	0	0.001013250194856	7.64e-05	0.000548145441257	0	0.000901010592962	2.08e-05	0.001015965166909	0	0.001137731462397	0.000192112413206	0.000620539869687	0	0.000517340132661	2.08e-05	0	0	0	0
"BASV2005"	0.000177232039351	0	0	0	0.000285788516497	9.55e-05	0	0	0.000267913101181	6.23e-05	0	0	0.0001484	2.74e-05	0	0.00101988781234	3.7e-05	4.16e-05	0	0	0	0
"BASV2016"	0.000194983603652	3.84e-05	0	0.000324780772978	0.000311769290725	1.91e-05	0	0	0.000365274564714	4.16e-05	0	0	0.000230844064834	5.49e-05	0.000155134967422	0	0.000203240766402	2.08e-05	0	0	0	0
"BASV2064"	0	5.76e-05	0	0	0	3.82e-05	0	0	2.44e-05	0.00012469605337	0	0	0	2.74e-05	0	0	0	0.000103980368506	0	0	0	0
"BASV2116"	3.55e-05	0.000460758716019	0	0	0	0.00013365920721	0	0	0	0.000457218862356	0.000145137880987	0	3.3e-05	8.23e-05	0	0	9.24e-05	0.000561493989935	0	0	0	0
"BASV2185"	3.55e-05	3.84e-05	0	0	2.6e-05	0	0	0	2.44e-05	0.00012469605337	0	0	1.65e-05	0	0	0	1.85e-05	0	0	0	0	0
"BASV2198"	0.000212709385802	0.000153586238673	0	0	0.000285788516498	0.000248224241961	0.000730860588343	0	0.000170461463533	2.08e-05	0	0	0.000131910894191	8.23e-05	0	0	0.000240193633021	0.000124776442208	0	0	0	0
"BASV2214"	3.55e-05	0.000287974197512	0	0.000649561545956	0.000259826968044	0.00013365920721	0	0.000505050505051	7.31e-05	0.000166261404493	0.000145137880987	0	3.3e-05	0	0.000155134967422	0	0.000129358599856	0.00016636858961	0	0	0	0
"BASV2264"	0.000177257821501	0.000115189679005	0	0	0.000337750064952	0.000343695104254	0	0	0.000146109825886	6.23e-05	0	0	0.0001154	0.000521447978703	0	0	5.55e-05	2.08e-05	0	0	0	0
"BASV2290"	0.000230435167952	0.000115189679005	0	0	0.000259807742271	0.000229130069503	0	0	0.000194813101181	8.31e-05	0	0	0.000148399755965	0.000247001674122	0	0	0.00025867006633	0.000207960737013	0	0	0	0
"BASV2293"	5.32e-05	0	0	0	0.001351000259808	1.91e-05	0	0	4.87e-05	0.000207826755617	0	0	0.000494665853216	0	0	0.00050994390617	0.000110858599856	4.16e-05	0	0	0	0
"BASV2306"	3.55e-05	0.000134387958839	0	0	0	0.000171847552127	0	0	9.74e-05	0.000290957457863	0	0	1.65e-05	0.000109778521832	0	0	3.7e-05	8.32e-05	0	0	0	0
"BASV2333"	0.000106354692901	1.92e-05	0	0	5.2e-05	0	0	0	4.87e-05	6.23e-05	0	0	1.65e-05	5.49e-05	0	0.00050994390617	9.24e-05	2.08e-05	0	0	0	0
"BASV2364"	0	0.000211181078175	0	0.000649561545956	0	0.000152753379669	0	0	0	0	0	0	1.65e-05	2.74e-05	0	0	0	2.08e-05	0	0	0	0
"BASV2392"	3.55e-05	0.000249577637844	0	0	0	5.73e-05	0	0	0	4.16e-05	0	0	1.65e-05	0	0	0	3.7e-05	2.08e-05	0	0	0	0
"BASV2496"	0.000443241425153	0	0	0	2.6e-05	7.64e-05	0	0	0.0001218	0	0	0	0.000296810650156	2.74e-05	0	0.00050994390617	0.000831380899063	0	0	0	0	0
"BASV2512"	5.32e-05	1.92e-05	0	0	2.6e-05	0.000572825173757	0.000182715147086	0	2.44e-05	0	0	0	1.65e-05	0.000301890935039	0	0	1.85e-05	4.16e-05	0	0	0	0
"BASV2534"	8.86e-05	0.000115189679005	0.00014905351021	0	2.6e-05	0.000114565034751	0.000182715147086	0.000505050505051	2.44e-05	4.16e-05	0	0	0	0	0	0.00050994390617	1.85e-05	0.00016636858961	0	0	0	0
"BASV2584"	3.55e-05	1.92e-05	0	0	2.6e-05	0.000114565034751	0	0.000252525252525	0	4.16e-05	0	0	6.6e-05	0	0	0	1.85e-05	4.16e-05	0	0	0	0
"BASV2617"	1.77e-05	0	0	0	0	5.73e-05	0	0	0.000194813101181	0	0	0	3.3e-05	2.74e-05	0	0	3.7e-05	0	0	0	0	0
"BASV2646"	5.32e-05	0.000115189679005	0.00014905351021	0	7.79e-05	1.91e-05	0	0	2.44e-05	0.000145478728932	0	0	1.65e-05	0.000164667782748	0.000155134967422	0	3.7e-05	2.08e-05	0	0	0	0
"BASV2697"	1.77e-05	0.000134387958839	0.00029810702042	0	2.6e-05	0.000171847552127	0	0.000757575757576	2.44e-05	0	0.000145137880987	0.000545256270447	0	8.23e-05	0	0.003059663437022	5.54e-05	0.00016636858961	0	0	0	0
"BASV2769"	0.000833111761056	0	0	0	0.000597557807223	9.55e-05	0.000730860588343	0	0.000219164738829	8.31e-05	0	0	0.000131910894191	0.000109778521832	0	0	0.000240193633021	4.16e-05	0	0	0	0
"BASV2773"	3.55e-05	0.00032637075718	0	0	0	0.000114565034751	0	0	0.000146109825886	0.00024939210674	0	0	1.65e-05	5.49e-05	0	0	0.000147811466475	0.000353533252922	0	0	0	0
"BASV2842"	7.09e-05	0.000134387958839	0	0	0.000103923096908	0.000114565034751	0	0	0	0.00012469605337	0	0	6.6e-05	0.000494003348245	0	0	7.39e-05	6.24e-05	0	0	0	0
"BASV2861"	3.54e-05	0.000518365596683	0.00044716053063	0	2.6e-05	0.0001146	0	0	2.44e-05	2.08e-05	0	0	8.25e-05	2.74e-05	0	0	5.55e-05	2.08e-05	0	0	0	0
"BASV2911"	5.32e-05	0	0	0	0.000259807742271	0.000190941724586	0	0	4.87e-05	6.23e-05	0	0	0.000131922032417	2.74e-05	0	0	9.24e-05	4.16e-05	0	0	0	0
"BASV2912"	0.0001064	5.76e-05	0	0	0.0001558	0.0001337	0.000913575735428	0.000252525252525	0.0001461	8.31e-05	0	0.000545256270447	0.0001484	0.000137178521832	0.000775674837108	0	0.000314099366258	4.16e-05	0	0	0	0
"BASV2930"	8.86e-05	0	0	0	0.000103923096908	9.55e-05	0	0	7.31e-05	6.23e-05	0	0	8.24e-05	0.000109778521832	0	0	0.000203240766402	0.000124776442208	0	0	0	0
"BASV2935"	7.09e-05	1.92e-05	0	0	2.6e-05	1.91e-05	0	0	0	0	0	0	1.65e-05	0	0	0	3.7e-05	4.16e-05	0	0	0	0
"BASV2984"	0.000301338296552	0	0.00014905351021	0	0.000493634710314	0	0	0	0.000243516376476	0	0	0	0.000626576747407	0	0.000155134967422	0	0.000147811466475	0	0	0	0	0
"BASV3008"	7.09e-05	0.000134387958839	0.00014905351021	0	0.000129903871135	1.91e-05	0	0	4.87e-05	4.16e-05	0	0	0	0	0	0	3.7e-05	0.000145572515909	0	0	0	0
"BASV3020"	7.09e-05	0.001286284748887	0	0	0.000259807742271	0.00040097762163	0	0.000757575757576	7.31e-05	0.000415653511233	0	0	8.24e-05	0	0	0	0.000184764333093	0.000311941105519	0	0	0	0
"BASV3024"	0.000106354692901	5.76e-05	0	0	2.6e-05	9.55e-05	0	0	7.31e-05	8.31e-05	0	0	1.65e-05	0	0	0	5.54e-05	2.08e-05	0	0	0	0
"BASV3030"	0.000141806257201	1.92e-05	0	0	0	7.64e-05	0	0	2.44e-05	8.31e-05	0	0	9.89e-05	2.74e-05	0	0	0	2.08e-05	0	0	0	0
"BASV3078"	0.000336789860853	0	0	0	0.000337750064952	0.00013365920721	0	0	0.000340922927067	0	0	0	0.000181377479513	0.00013722315229	0	0	0.000295622932949	0	0	0	0	0
"BASV3095"	3.55e-05	1.92e-05	0	0	5.2e-05	0	0	0	7.31e-05	8.31e-05	0	0	1.65e-05	8.23e-05	0	0	0	0	0	0	0	0
"BASV3107"	7.09e-05	0.000115189679005	0	0	0	0.000114565034751	0	0	4.87e-05	0.000228609431178	0	0	3.3e-05	2.74e-05	0	0	5.54e-05	0.000145572515909	0	0	0	0
"BASV3114"	1.77e-05	5.76e-05	0	0	2.6e-05	0	0	0	2.44e-05	0	0	0	1.65e-05	0	0	0	5.54e-05	0	0	0	0	0
"BASV3129"	1.77e-05	7.68e-05	0	0	2.6e-05	1.91e-05	0	0	2.44e-05	0.000207826755617	0	0	4.95e-05	5.49e-05	0	0	1.85e-05	8.32e-05	0	0	0	0
"BASV3135"	7.09e-05	1.92e-05	0	0	5.2e-05	0	0	0	2.44e-05	4.16e-05	0	0	3.3e-05	0	0	0	3.7e-05	0	0	0	0	0
"BASV3138"	0	3.84e-05	0.00014905351021	0.000974342318935	7.79e-05	0	0	0	2.44e-05	0	0.000145137880987	0	0.000181377479513	2.74e-05	0.000310269934843	0.00050994390617	5.54e-05	0	0	0	0	0
"BASV3232"	0.000283612514402	0.000153586238673	0	0	5.2e-05	3.82e-05	0	0	9.74e-05	0.000228609431178	0	0	1.65e-05	2.74e-05	0	0	0.000184764333093	0.00016636858961	0	0	0	0
"BASV3248"	0	0.000268775917678	0	0.000324780772978	2.6e-05	1.91e-05	0	0	0	8.31e-05	0	0	1.65e-05	0	0	0	3.7e-05	0	0	0	0	0
"BASV3276"	0	0	0	0.000324780772978	0.000129923096908	0	0	0	0	2.08e-05	0.000145137880987	0.000545256270447	0.000445221544347	0	0	0.00050994390617	1.85e-05	0	0	0	0	0
"BASV3277"	0.000389941425153	0.000153587958839	0.00044716053063	0	0.000363746193817	5.73e-05	0.000913575735428	0	0.000657539303543	8.32e-05	0.000145137880987	0	0.000692587885633	5.48e-05	0.00186161960906	0	0.000776033765681	0	0	0	0	0
"BASV3295"	0	3.84e-05	0	0	0	5.73e-05	0	0	4.87e-05	2.08e-05	0	0	4.95e-05	0	0	0	1.85e-05	2.08e-05	0	0	0	0
"BASV3296"	0.000124080475051	0.000172786238673	0	0	0.000129903871135	9.55e-05	0.000182715147086	0	9.74e-05	0.000249426755617	0	0.000545256270447	8.24e-05	8.23e-05	0	0	1.85e-05	6.24e-05	0	0	0	0
"BASV3351"	0	1.92e-05	0	0	2.6e-05	1.91e-05	0	0	0	6.23e-05	0	0	3.3e-05	0	0	0	0	4.16e-05	0	0	0	0
"BASV3366"	1.77e-05	0	0	0	0	0.000286412586878	0	0	0.000146109825886	2.08e-05	0	0	1.65e-05	0	0	0	0	2.08e-05	0	0	0	0
"BASV3377"	5.32e-05	0.000211181078175	0	0	0.000103923096908	0.000152753379669	0	0	0	0	0	0.000545256270447	8.24e-05	2.74e-05	0	0	1.85e-05	0	0	0	0	0
"BASV3381"	1.77e-05	1.92e-05	0	0	7.79e-05	1.91e-05	0	0	0	0	0	0	4.95e-05	2.74e-05	0	0	0	2.08e-05	0	0	0	0
"BASV3385"	7.09e-05	5.76e-05	0	0	0.000311769290725	0	0.000182715147086	0	0	0	0.000870827285922	0	0.000626576747407	2.74e-05	0	0	5.54e-05	4.16e-05	0	0	0	0
"BASV3418"	1.77e-05	0	0	0	2.6e-05	1.91e-05	0	0	0	0.000145478728932	0	0	0	5.49e-05	0	0	1.85e-05	0.000207960737013	0	0	0	0
"BASV3468"	0.000336789860853	0.000287974197512	0	0	2.6e-05	5.73e-05	0	0	0.000170461463533	0.000270174782301	0	0	0	5.49e-05	0	0	0.000147811466475	0.000249552884415	0	0	0	0
"BASV3471"	3.55e-05	0.000345569037014	0	0.000649561545956	0	3.82e-05	0.000548145441257	0	4.87e-05	8.31e-05	0.000145137880987	0	1.65e-05	0.000109778521832	0	0	3.7e-05	2.08e-05	0	0	0	0
"BASV3478"	0.000106354692901	3.84e-05	0	0	5.2e-05	1.91e-05	0	0	4.87e-05	0.00012469605337	0	0	4.95e-05	2.74e-05	0	0	0	4.16e-05	0	0	0	0
"BASV3490"	1.77e-05	0.000767931193365	0	0	0	1.91e-05	0	0	7.31e-05	0.000145478728932	0	0	0	0.000192112413206	0	0	0	0.000353533252922	0	0	0	0
"BASV3515"	3.55e-05	0	0	0	2.6e-05	1.91e-05	0	0	4.87e-05	0.0001039	0	0	1.65e-05	0	0	0	0	2.08e-05	0	0	0	0
"BASV3640"	0	1.92e-05	0	0	2.6e-05	3.82e-05	0	0	0	2.08e-05	0	0	1.65e-05	8.23e-05	0	0	1.85e-05	0	0	0	0	0
"BASV3652"	0	1.92e-05	0	0	5.2e-05	3.82e-05	0	0	7.31e-05	6.23e-05	0	0	1.65e-05	0	0	0	1.85e-05	2.08e-05	0	0	0	0
"BASV3777"	0	5.76e-05	0	0	0	3.82e-05	0	0	2.44e-05	2.08e-05	0	0	0	2.74e-05	0	0	3.7e-05	6.24e-05	0	0	0	0
"BASV3778"	0.000212709385802	1.92e-05	0	0	0.000467653936087	0	0.000182715147086	0	0.000146109825886	0	0.000145137880987	0	0.000313288373704	8.23e-05	0	0	0.000498863699351	4.16e-05	0	0	0	0
"BASV3814"	0.000106354692901	7.68e-05	0	0	0.000129903871135	0	0	0	0	2.08e-05	0	0	4.95e-05	0	0	0	1.85e-05	0	0	0	0	0
"BASV3816"	0.000177257821501	3.84e-05	0	0	0.000129903871135	0.00013365920721	0	0	9.74e-05	4.16e-05	0	0	6.6e-05	0.000192112413206	0	0	1.85e-05	0	0	0	0	0
"BASV3835"	1.77e-05	1.92e-05	0	0	5.2e-05	7.64e-05	0.000182715147086	0	2.44e-05	6.23e-05	0	0	6.6e-05	0	0	0	3.7e-05	2.08e-05	0	0	0	0
"BASV3864"	8.86e-05	5.76e-05	0	0.000324780772978	0.000103923096908	3.82e-05	0	0	4.87e-05	0.000145478728932	0	0	6.6e-05	5.49e-05	0	0	0.000351052232877	0.000249552884415	0	0	0	0
"BASV4084"	0.0001595	0.0001536	0	0	2.6e-05	0	0	0	4.88e-05	0.00020779605337	0	0	1.65e-05	8.23e-05	0	0	0.000258664333093	0.000207960737012	0	0	0	0
"BASV4182"	0	1.92e-05	0	0	2.6e-05	0	0	0	2.44e-05	2.08e-05	0	0	0	2.74e-05	0	0	5.54e-05	4.16e-05	0	0	0	0
"BASV4274"	1.77e-05	0	0	0	0.000155884645362	1.91e-05	0	0	0.000170461463533	2.08e-05	0	0	9.89e-05	5.49e-05	0	0	0.000166287899784	0	0	0	0	0
"BASV4281"	3.55e-05	0	0	0	0.001299038711354	0	0	0	9.74e-05	2.08e-05	0	0	1.65e-05	2.74e-05	0	0	3.7e-05	0	0	0	0	0
"BASV4333"	1.77e-05	1.92e-05	0	0	0	1.91e-05	0	0	2.44e-05	0	0.000145137880987	0	0	2.74e-05	0	0	0	0	0	0	0	0
"BASV4341"	8.86e-05	7.68e-05	0	0	2.6e-05	0	0.000182715147086	0	2.44e-05	0	0	0	0	0	0	0	3.7e-05	4.16e-05	0	0	0	0
"BASV4357"	1.77e-05	1.92e-05	0	0	0	1.91e-05	0.000548145441257	0	4.87e-05	0	0	0	0.000148399755965	0	0	0	5.54e-05	0	0	0	0	0
"BASV4463"	0.000177257821501	0	0.00014905351021	0	0.000233826968044	5.73e-05	0	0	0.000292219651772	0	0	0	0.000131910894191	0	0	0.00050994390617	0.000184764333093	0	0	0	0	0
"BASV4489"	1.77e-05	7.68e-05	0	0	0	0.00013365920721	0	0	0	0	0	0	4.95e-05	0.000109778521832	0	0	0	8.32e-05	0	0	0	0
"BASV4507"	3.55e-05	3.84e-05	0	0	2.6e-05	1.91e-05	0.000182715147086	0	9.74e-05	0.000103913377808	0	0	0	2.74e-05	0	0	3.7e-05	0.000103980368506	0	0	0	0
"BASV4519"	5.32e-05	0.000134387958839	0	0	7.79e-05	5.73e-05	0	0	4.87e-05	0.000145478728932	0	0	1.65e-05	0	0	0	0	0	0	0	0	0
"BASV4609"	0.000106354692901	0	0	0	0	9.55e-05	0	0	7.31e-05	0	0	0	3.3e-05	0	0	0.00050994390617	3.7e-05	0	0	0	0	0
"BASV4637"	7.09e-05	0	0	0	5.2e-05	3.82e-05	0	0	9.74e-05	0	0.000145137880987	0	0	8.23e-05	0	0	0	0	0	0	0	0
"BASV4659"	1.77e-05	3.84e-05	0	0	0	1.91e-05	0	0	2.44e-05	2.08e-05	0	0	6.6e-05	0	0	0	3.7e-05	0	0	0	0	0
"BASV4672"	0	3.84e-05	0	0.001948684637869	7.79e-05	1.91e-05	0.001096290882514	0.000252525252525	7.31e-05	2.08e-05	0	0.001090512540894	6.6e-05	0	0.000465404902265	0.001529831718511	9.24e-05	2.08e-05	0	0	0	0
"BASV4683"	0.000124080475051	1.92e-05	0	0	2.6e-05	0	0	0	4.87e-05	0	0.000725689404935	0	6.6e-05	0	0	0	9.24e-05	0	0	0	0	0
"BASV4691"	0	0.000191982798341	0.00029810702042	0	2.6e-05	0	0	0	0	6.23e-05	0	0	3.3e-05	5.49e-05	0	0	1.85e-05	0.000124776442208	0	0	0	0
"BASV4753"	3.55e-05	1.92e-05	0	0	0	0	0	0	2.44e-05	2.08e-05	0	0	0	0	0	0	5.54e-05	6.24e-05	0	0	0	0
"BASV4800"	3.55e-05	0.000537551835356	0	0	0.000103923096908	0.000114565034751	0	0	7.31e-05	0.000187044080055	0	0.000545256270447	0.000115422032417	0.000247001674122	0.000155134967422	0	3.7e-05	0.000103980368506	0	0	0	0
"BASV4808"	0	3.84e-05	0	0	2.6e-05	7.64e-05	0	0.000252525252525	7.31e-05	6.23e-05	0	0	0	0.000109778521832	0	0	7.39e-05	8.32e-05	0	0	0	0
"BASV4969"	0	3.84e-05	0	0	0.000155884645362	1.91e-05	0	0	2.44e-05	0	0	0	0	0	0	0.00050994390617	5.54e-05	0	0	0	0	0
"BASV4985"	1.77e-05	5.76e-05	0	0	0	1.91e-05	0	0	2.44e-05	6.23e-05	0	0	1.65e-05	0	0	0	1.85e-05	0	0	0	0	0
"BASV5015"	8.86e-05	1.92e-05	0	0	7.79e-05	3.82e-05	0	0	0.000170461463533	0	0	0	4.95e-05	5.49e-05	0	0	0.000166287899784	0	0	0	0	0
"BASV5018"	0.000106354692901	3.84e-05	0	0	0.000103923096908	0	0	0	0.000194813101181	0	0	0	1.65e-05	2.74e-05	0	0	1.85e-05	6.24e-05	0	0	0	0
"BASV5056"	1.77e-05	1.92e-05	0	0	0	1.91e-05	0.000182715147086	0	0	0.000103913377808	0	0	1.65e-05	2.74e-05	0	0	0	2.08e-05	0	0	0	0
"BASV5058"	8.86e-05	0	0	0	2.6e-05	3.82e-05	0	0	2.44e-05	2.08e-05	0	0	8.24e-05	2.74e-05	0	0	1.85e-05	4.16e-05	0	0	0	0
"BASV5121"	3.55e-05	0.000268775917678	0	0.001623903864891	0	0	0	0	0	2.08e-05	0	0	0	0.00013722315229	0	0	0	0.00081104687435	0	0	0	0
"BASV5216"	0	0.000441560436185	0	0	2.6e-05	1.91e-05	0	0	2.44e-05	0.000207826755617	0	0	1.65e-05	0.00013722315229	0	0	3.7e-05	6.24e-05	0	0	0	0
"BASV5230"	1.77e-05	7.68e-05	0	0	0	1.91e-05	0	0	2.44e-05	8.31e-05	0	0	1.65e-05	2.74e-05	0	0	0	4.16e-05	0	0	0	0
"BASV5235"	0.000301338296552	9.6e-05	0	0	0.000129903871135	3.82e-05	0	0	0.000292219651772	6.23e-05	0	0	1.65e-05	0	0	0	0.000129335033165	2.08e-05	0	0	0	0
"BASV5248"	0	1.92e-05	0.00014905351021	0	7.79e-05	0	0	0	0	0.000166261404493	0	0	1.65e-05	0	0	0	0	2.08e-05	0	0	0	0
"BASV5313"	3.55e-05	3.84e-05	0	0	0	1.91e-05	0	0	2.44e-05	8.31e-05	0	0	0	0	0	0	1.85e-05	0	0	0	0	0
"BASV5326"	0	0.0001536	0.00044716053063	0	0.000103923096908	3.82e-05	0	0	2.44e-05	0	0	0	3.3e-05	0.000548847978703	0	0.002039775624681	1.85e-05	0	0	0	0	0
"BASV5329"	1.77e-05	3.84e-05	0	0	5.2e-05	5.73e-05	0	0	7.31e-05	6.23e-05	0	0	0.000197866341286	2.74e-05	0	0	7.39e-05	8.32e-05	0	0	0	0
"BASV5371"	0	1.92e-05	0.000596214040841	0	2.6e-05	1.91e-05	0	0	0	0.000145478728932	0.000145137880987	0.000545256270447	1.65e-05	2.74e-05	0	0	7.39e-05	2.08e-05	0	0	0	0
"BASV5401"	5.32e-05	7.68e-05	0	0.001299123091913	0	1.91e-05	0	0	4.87e-05	0	0	0	8.24e-05	0	0.000155134967422	0	5.54e-05	0	0	0	0	0
"BASV5460"	8.86e-05	1.92e-05	0	0	0	3.82e-05	0	0	2.44e-05	0	0	0	1.65e-05	0	0	0	5.54e-05	2.08e-05	0	0	0	0
"BASV5479"	1.77e-05	5.76e-05	0	0	0	5.73e-05	0	0	4.87e-05	2.08e-05	0	0	1.65e-05	0	0	0	3.7e-05	0	0	0	0	0
"BASV5633"	0	1.92e-05	0	0	5.2e-05	1.91e-05	0	0	0	2.08e-05	0	0	3.3e-05	2.74e-05	0	0	5.54e-05	0	0	0	0	0
"BASV5657"	0	3.84e-05	0	0	7.79e-05	3.82e-05	0	0	0	2.08e-05	0	0	0	5.49e-05	0	0	1.85e-05	2.08e-05	0	0	0	0
"BASV5863"	0	1.92e-05	0	0	0.000103923096908	3.82e-05	0	0	0	0	0	0	9.89e-05	2.74e-05	0	0	1.85e-05	0	0	0	0	0
"BASV5866"	5.32e-05	7.68e-05	0	0	0	5.73e-05	0	0	0	0.000103913377808	0	0	1.65e-05	2.74e-05	0	0	5.54e-05	2.08e-05	0	0	0	0
"BASV5983"	0.000177257821501	0	0	0.000324780772978	7.79e-05	1.91e-05	0	0	0.000219164738829	0	0	0	0.000197866341286	0	0.000155134967422	0	9.24e-05	0	0	0	0	0
"BASV5999"	0.000106354692901	1.92e-05	0	0	7.79e-05	0.000114565034751	0	0	0.000170461463533	8.31e-05	0	0	6.6e-05	0.000164667782748	0	0	0.000110858599856	4.16e-05	0	0	0	0
"BASV6013"	8.86e-05	7.68e-05	0	0	2.6e-05	3.82e-05	0	0	2.44e-05	2.08e-05	0	0	0	5.49e-05	0	0	0.000147811466475	6.24e-05	0	0	0	0
"BASV6067"	0.000141806257201	0	0	0	0.000311769290725	0	0	0	7.31e-05	2.08e-05	0	0	0.000131910894191	0	0	0	0.000221717199712	0	0	0	0	0
"BASV6172"	8.86e-05	5.76e-05	0	0	5.2e-05	1.91e-05	0	0	4.87e-05	0	0	0	3.3e-05	2.74e-05	0	0	5.54e-05	0.00016636858961	0	0	0	0
"BASV6187"	0	0.000441560436185	0	0	0	1.91e-05	0	0	0	0.000207826755617	0	0	0	8.23e-05	0	0	5.54e-05	4.16e-05	0	0	0	0
"BASV6245"	0.000195	1.92e-05	0.00029810702042	0	0.000129923096908	3.82e-05	0	0	9.74e-05	0.0001039	0.000580551523948	0	0.0001484	0	0	0	0.0001479	2.08e-05	0	0	0	0
"BASV6405"	0	1.92e-05	0	0	0.000129903871135	7.64e-05	0	0	4.87e-05	6.23e-05	0	0	4.95e-05	0	0	0	0	0	0	0	0	0
"BASV6417"	0.000141806257201	1.92e-05	0	0	0.000129903871135	3.82e-05	0	0	7.31e-05	2.08e-05	0	0	1.65e-05	0	0	0	9.24e-05	0	0	0	0	0
"BASV6443"	0	1.92e-05	0	0.000324780772978	0	3.82e-05	0	0	2.44e-05	4.16e-05	0.000145137880987	0	1.65e-05	0	0.000155134967422	0	0	0	0	0	0	0
"BASV6531"	3.55e-05	1.92e-05	0	0.000649561545956	2.6e-05	3.82e-05	0	0.001262626262626	0	0	0	0	0	0	0	0	1.85e-05	6.24e-05	0	0	0	0
"BASV6575"	5.32e-05	1.92e-05	0	0	0	0	0	0	4.87e-05	0	0	0	3.3e-05	8.23e-05	0	0	5.54e-05	0	0	0	0	0
"BASV6664"	5.32e-05	5.76e-05	0	0	2.6e-05	5.73e-05	0	0	2.44e-05	6.23e-05	0	0	3.3e-05	0	0	0	1.85e-05	6.24e-05	0	0	0	0
"BASV6737"	8.86e-05	1.92e-05	0	0	0.000129903871135	1.91e-05	0	0	0.000340922927067	0.00012469605337	0.000145137880987	0	0.000131910894191	0	0	0	0.000110858599856	0	0	0	0	0
"BASV6833"	3.55e-05	1.92e-05	0.00014905351021	0	0	0	0	0	7.31e-05	0	0.000145137880987	0	0	0	0	0	3.7e-05	0	0	0	0	0
"BASV6889"	0	0	0	0	2.6e-05	0	0	0	4.87e-05	2.08e-05	0	0	4.95e-05	0	0	0	3.7e-05	2.08e-05	0	0	0	0
"BASV6934"	1.77e-05	1.92e-05	0.00014905351021	0	5.2e-05	5.73e-05	0	0	2.44e-05	0	0	0	0	0	0	0	0.000110858599856	2.08e-05	0	0	0	0
"BASV7020"	0	0	0	0	5.2e-05	1.91e-05	0	0	7.31e-05	2.08e-05	0	0	4.95e-05	5.48e-05	0	0.00050994390617	1.85e-05	6.24e-05	0	0	0	0
"BASV7042"	0	5.76e-05	0	0	0	0	0	0	2.44e-05	8.31e-05	0	0	1.65e-05	5.49e-05	0	0	3.7e-05	2.08e-05	0	0	0	0
"BASV7097"	1.77e-05	3.84e-05	0	0	0.000103923096908	1.91e-05	0	0	2.44e-05	4.16e-05	0	0	1.65e-05	0	0	0	9.24e-05	4.16e-05	0	0	0	0
"BASV7155"	0	1.92e-05	0	0	2.6e-05	7.64e-05	0	0	4.87e-05	6.23e-05	0	0	0	0	0	0	1.85e-05	2.08e-05	0	0	0	0
"BASV7200"	1.77e-05	7.68e-05	0	0	7.79e-05	0	0	0	0.0001461	2.08e-05	0	0	8.25e-05	0	0	0.00050994390617	0	0	0	0	0	0
"BASV7235"	1.77e-05	9.6e-05	0	0	0	0	0	0	2.44e-05	2.08e-05	0	0	3.3e-05	2.74e-05	0	0	0	4.16e-05	0	0	0	0
"BASV7379"	5.32e-05	0	0	0	5.2e-05	1.91e-05	0	0	0.000243516376476	0	0	0	0.000181377479513	0	0	0	7.39e-05	0	0	0	0	0
"BASV7461"	5.32e-05	1.92e-05	0	0	2.6e-05	0	0	0	4.87e-05	0	0	0	1.65e-05	0	0	0	1.85e-05	0	0	0	0	0
"BASV7466"	1.77e-05	1.92e-05	0	0	2.6e-05	0	0	0	0	2.08e-05	0	0	1.65e-05	2.74e-05	0	0	0	0	0	0	0	0
"BASV7608"	3.55e-05	1.92e-05	0	0	0.000103923096908	0	0	0	4.87e-05	0	0	0	3.3e-05	0	0	0	0.000110858599856	0	0	0	0	0
"BASV7665"	0	1.92e-05	0	0	0	1.91e-05	0	0	2.44e-05	0	0	0	1.65e-05	0	0.000155134967422	0	1.85e-05	4.16e-05	0	0	0	0
"BASV7703"	0.000124080475051	3.84e-05	0	0	7.79e-05	1.91e-05	0	0	2.44e-05	2.08e-05	0.000145137880987	0	1.65e-05	2.74e-05	0	0	7.39e-05	2.08e-05	0	0	0	0
"BASV7826"	1.77e-05	3.84e-05	0	0	0	0	0	0	4.87e-05	2.08e-05	0	0	0	0	0	0	1.85e-05	2.08e-05	0	0	0	0
"BASV7851"	8.86e-05	0	0	0	2.6e-05	0	0	0	2.44e-05	2.08e-05	0	0	6.6e-05	0	0	0	1.85e-05	6.24e-05	0	0	0	0
"BASV7872"	0	0.000115189679005	0	0	2.6e-05	5.73e-05	0	0	0	0	0	0	3.3e-05	2.74e-05	0	0	0	0.000103980368506	0	0	0	0
"BASV7895"	0	1.92e-05	0	0	2.6e-05	0	0	0	2.44e-05	4.16e-05	0	0	3.3e-05	5.49e-05	0	0	1.85e-05	2.08e-05	0	0	0	0
"BASV8147"	3.55e-05	1.92e-05	0	0	0	0	0	0	2.44e-05	2.08e-05	0	0	3.3e-05	0	0	0	0	4.16e-05	0	0	0	0
"BASV8175"	1.77e-05	1.92e-05	0	0	2.6e-05	5.73e-05	0	0	0	2.08e-05	0	0	0	5.49e-05	0	0	5.54e-05	4.16e-05	0	0	0	0
"BASV8230"	0	9.6e-05	0.00014905351021	0	2.6e-05	0	0	0	0	2.08e-05	0	0	1.65e-05	0	0	0.00050994390617	0	0	0	0	0	0
"BASV8315"	1.77e-05	1.92e-05	0	0	0.000103923096908	0	0	0	7.31e-05	4.16e-05	0	0	6.6e-05	8.23e-05	0	0	5.54e-05	4.16e-05	0	0	0	0
"BASV8523"	0	7.68e-05	0	0	7.79e-05	0	0.000365430294172	0	0	6.23e-05	0	0	1.65e-05	0	0	0	1.85e-05	2.08e-05	0	0	0	0
"BASV8552"	5.32e-05	3.84e-05	0	0	0.000233826968044	0	0	0	4.87e-05	2.08e-05	0	0	9.89e-05	0	0	0	0.000314099366258	0	0	0	0	0
"BASV8807"	1.77e-05	3.84e-05	0	0	0.000597557807223	1.91e-05	0	0	2.44e-05	4.16e-05	0	0	4.95e-05	0	0	0	0	0	0	0	0	0
"BASV8986"	7.09e-05	0	0	0	5.2e-05	0	0.0012790060296	0	7.31e-05	0	0	0	4.95e-05	0	0.000620539869687	0	7.39e-05	0	0	0	0	0
"BASV9228"	3.55e-05	1.92e-05	0	0	0	1.91e-05	0	0	7.31e-05	0	0	0	1.65e-05	0	0	0	0	0.000103980368506	0	0	0	0
"BASV9661"	1.77e-05	3.84e-05	0	0	0.000181884645362	0	0.000182715147086	0	4.87e-05	2.08e-05	0	0	4.95e-05	0	0	0	1.85e-05	0.000104	0	0	0	0
"BASV9663"	1.77e-05	1.92e-05	0	0	5.2e-05	0.000114565034751	0	0	0	6.23e-05	0	0	1.65e-05	0	0	0	0	8.32e-05	0	0	0	0
"BASV9919"	1.77e-05	0.000115189679005	0	0	0	1.91e-05	0	0	0	4.16e-05	0	0	1.65e-05	0	0	0	0	4.16e-05	0	0	0	0
"BASV9951"	1.77e-05	1.92e-05	0	0	2.6e-05	5.73e-05	0.000365430294171	0	4.87e-05	6.23e-05	0	0	1.65e-05	2.74e-05	0	0	3.7e-05	4.16e-05	0	0	0	0
"BASV10017"	1.77e-05	3.84e-05	0	0	2.6e-05	3.82e-05	0	0	0	2.08e-05	0	0	0	2.74e-05	0	0	0	0	0	0	0	0
"BASV10083"	0.000124080475051	0	0	0.000324780772978	7.79e-05	0	0.000365430294171	0	9.74e-05	2.08e-05	0	0	4.95e-05	5.49e-05	0.000465404902265	0	1.85e-05	0	0	0	0	0
"BASV10875"	0	7.68e-05	0	0	5.2e-05	1.91e-05	0	0	0	6.23e-05	0	0	1.65e-05	0	0	0	5.54e-05	0	0	0	0	0
"BASV10929"	0	1.92e-05	0	0	0.000129923096908	3.82e-05	0	0	4.88e-05	0	0	0	1.65e-05	2.74e-05	0	0	1.85e-05	0	0	0	0	0
"BASV11049"	1.77e-05	1.92e-05	0	0	2.6e-05	0	0	0	4.87e-05	0	0	0	0	0	0	0	3.7e-05	2.08e-05	0	0	0	0
"BASV11273"	1.77e-05	1.92e-05	0	0	0	1.91e-05	0	0	0	2.08e-05	0	0	1.65e-05	5.49e-05	0	0	0	2.08e-05	0	0	0	0
"BASV11298"	1.77e-05	1.92e-05	0	0	5.2e-05	3.82e-05	0	0	0	8.31e-05	0	0	0	0	0	0	0	2.08e-05	0	0	0	0
"BASV12103"	5.32e-05	0	0	0	0.000103923096908	1.91e-05	0	0	2.44e-05	2.08e-05	0	0	1.65e-05	0	0	0	9.24e-05	0	0	0	0	0
"BASV12683"	3.55e-05	0	0	0	0	0	0.000182715147086	0	2.44e-05	2.08e-05	0	0	3.3e-05	2.74e-05	0	0	0	0	0	0	0	0
"BASV13257"	1.77e-05	1.92e-05	0	0	0	1.91e-05	0	0	2.44e-05	0	0	0	1.65e-05	0	0.000155134967422	0	5.54e-05	6.24e-05	0	0	0	0
"BASV13784"	0.000106354692901	0	0	0	0.0001039	0	0	0	4.87e-05	8.32e-05	0	0	0.000148399755965	0	0.000465404902265	0	9.24e-05	0	0	0	0	0
"BASV13836"	1.77e-05	1.92e-05	0	0	0	1.91e-05	0	0	0.000194813101181	0	0	0	0	0	0	0	3.7e-05	4.16e-05	0	0	0	0
"BASV14162"	0	0.000115189679005	0	0	2.6e-05	1.91e-05	0	0	0	0.000103913377808	0	0.000545256270447	1.65e-05	0	0	0.00050994390617	0	0	0	0	0	0
"BASV14947"	3.55e-05	3.84e-05	0	0	0	0	0	0	2.44e-05	4.16e-05	0	0	0	5.49e-05	0	0	0	8.32e-05	0	0	0	0
"BASV17140"	1.77e-05	0	0	0	0	3.82e-05	0	0	9.75e-05	0	0	0	1.65e-05	5.49e-05	0	0.00050994390617	0	0	0	0	0	0
"BASV22058"	1.77e-05	0	0	0.000324780772978	0	1.91e-05	0	0	4.87e-05	0	0.000290275761974	0	1.65e-05	0	0	0	0	0	0	0	0	0
"BASV31339"	3.55e-05	7.68e-05	0	0	0	7.64e-05	0	0.000252525252525	0	6.24e-05	0	0	9.9e-05	0	0	0	0	0	0	0	0	0
"FASV3"	0.032073906352502	0.009443905729584	0.214136125654449	0.206216577540107	0.04114743442681	0.03237482404987	0	0.293157075099361	0.061536912075738	0.055380420243675	0.014015207991651	0.648831622625028	0.097831835007933	0.011081560283688	0.544523639775305	0.104138713283405	0.025545876983392	0.019408151393779	0.133359819891405	0.067451693887936	0.037953378569904	0.321842328341339
"FASV8"	0.236506126531036	0.009865508663941	0.290968586387435	0.039605614973262	0.16615186462882	0.040217172732757	0	0.011059270779333	0.133850337395508	0.033483854477295	0.43640972118682	0.011574579602534	0.130618720253834	0.035460992907802	0.086225026288118	0.002601497832085	0.138858423792261	0.013566818123871	0.013905442987684	0.193479835276019	0.035816536111468	0.002825656965245
"FASV10"	0.000622794747768	0.000337282347485	0.001047120418848	0.001336942245989	0.000390527922746	0	0	0.000345602211854	0	0.00017040129505	0.001192783658864	0.000436776588775	0	0	0.0001660302175	0.000157666535278	0	0.677785139006754	0.727056019070322	0	0.000384664700603	0
"FASV11"	0.006383641747976	0.013027549791307	0.000523560209424	0.000501336898396	0.007704043224341	0.010657550774181	0	0	0.00745291570148	0.012183691948539	0.001789175488296	0	0.006081438392385	0.002881205673759	5.53e-05	0.000630666141112	0.014164037340865	0.005499007249548	0.001059462322871	0.010295248801846	0.006368337821089	0.000565131393049
"FASV14"	0.001349387585634	0.08389908246975	0.004973821989528	0.117647146524063	0.000177510153726	0.270058314900463	0	0.001987212165198	0.026991640648605	0.025048988429753	0.002534665275086	0.008735531775497	0.001057641459546	0.610593971631207	0.000442747246666	0.552542372881356	0.004889955703566	0.002169134639901	0.003310819758973	0.001005889544998	0.546993123212378	0.364227182820005
"FASV16"	0.035654972451734	0.013069730671614	0.161649214659685	0.048462654545454	0.057301086874712	0.054293183189222	0	0.034733021738379	0.07603988317051	0.049842378154554	0.095869986581184	0.042804105699935	0.085933368588049	0.04188829787234	0.130887111389674	0.021442615530154	0.114408555964928	0.037979282970222	0.019864918553834	0.068694223915745	0.056075524721118	0.016106244701893
"FASV18"	0.010483704027403	0.013702135073148	0.001178010471204	0.000752005347594	0.001597611690986	0.002815202091293	0	0	0.007855776009669	0.015165714611911	0.000149097957358	0	0.000528820729773	0	5.53e-05	0.000157666535278	0.007587893095017	0.005118447340881	0.000264865580718	0.00254422815218	0.001153953579519	0.000282565696524
"FASV19"	0.013130579198671	0.000801045575277	0.000261780104712	0.000752005347594	0.018461319984379	0.001206515181983	0	0.000691204423708	0.007452915701481	0.001022407770299	0.00149097957358	0.000218388294387	0.012691697514543	0.000886524822695	0.0001660302175	0.001182499014584	0.007672203018295	0.000304442964513	0.001589193484307	0.018992990899947	0.002521650292773	0.000282565696524
"FASV20"	0.003736765621756	0.001812892617732	0.000523560209424	0.000501336898395	0.000390527922746	0.008847778001206	0	0.000259201658891	0.001913586463893	0.01141688676834	0.000894587744148	0.000218388294387	0.002115282919091	0.00177304964539	0	0.000315333070556	0.003035147314729	0.044734088098183	0.001721626274665	0.000887521448435	0.001153994101808	0
"FASV27"	0.040741126136601	0.001475648509634	0.000523560209424	0.000835649197861	0.041537959811124	0.003820631409612	0	0.000345601658891	0.034545271427133	0.000766803237625	0.00074548978679	0.000218388294387	0.046007403490216	0.001994680851064	0.000165986811666	0.00078833267639	0.023185189208331	0.000437559908667	0.001589193484307	0.058872447500146	0.002692609770483	0
"FASV29"	0.002543076603695	0.00261393819301	0.001701570680628	0.000752049197861	0.002059147229027	0.003016287954957	0	8.64e-05	0.002215731695034	0.012268893243589	0.00074548978679	0.000436776588775	0.001586462189318	0.00177304964539	0.000498090652499	0.000472999605834	0.00252929769834	0.001122633431643	0.000794596742153	0.002662564345305	0.006368337821088	0.000282565696524
"FASV30"	0	0.608204372515705	0	0.274314839572192	0.000887563460787	0.002614116227629	0	0.000518403317782	0.000906435693423	0.13010138812303	0.00074548978679	0.001747106355099	0.004230565838181	0	0	0	0	0.000627913614308	0.001324327903589	0	0	0
"FASV32"	0.006487440315549	0.006492685189089	0.000261780104712	0.000501336898396	0.000284020307452	0.000402171727328	0	0	0.004935038775305	0.007242055039618	0.000447293872074	0	0.000528820729773	0	0	0.000157666535278	0.0049742854734	0.002625820568928	0.000132432790359	0.000414176675936	0.000170921566868	0.000282565696524
"FASV35"	0.000570894747768	0.000590244108099	0.000130890052356	0.000919117647059	0.000426030461178	0.001206515181983	0	0	0.000604290462282	0.001448411007924	0.000149097957358	0	0.000528820729773	0.000886524822695	0	0.000157666535278	0.00084309923278	0.000437636761488	0.000397298371077	0.000118336193125	0.000256443133735	0
"FASV36"	0.021797799460245	0.002403136725831	0.02303664921466	0.003592914438502	0.016970213370256	0.009652121455862	0	0.001036806635562	0.147648302950951	0.017551333390134	0.013418816162219	0.003930989298974	0.018244315177155	0.01063829787234	0.030715590237423	0.003074497437919	0.00868392209763	0.014308819332129	0.000794596742153	0.007987693035915	0.001837842458435	0.000565131393049
"FASV37"	0.000363297612622	0.000253001467178	0.000261780104712	0.0001672	0.000248515230589	0.000804343454656	0	8.64e-05	0.000906435693423	0.0001704	0.000298195914716	0.000436776588774	0.000264410364886	0.001329787234043	0	0.000551832873473	0.000758769462946	0.000266404538103	0.000662163951795	0.000236672386249	0.000341883656024	0.000282565696524
"FASV40"	0.003269669919037	0.004721992571356	0.000261780104712	0.001504054545455	0.001065076152945	0.002614116227629	0	0	0.00271930708027	0.011672488710914	0.000894587744148	0	0.004759386567953	0.001994680851064	0	7.88e-05	0.00126464884917	0.0012748549139	0.000264865580718	0.00076918525531	0.0015813993247	0.000282565696524
"FASV43"	0.001608886630683	0.008938041034614	0.001439790575916	0.002924552941176	0.003869776689031	0.049064950733963	0	0.006652841472265	0.003525027696646	0.055380418948625	0.00372744893395	0.009609084953046	0.003701745108408	0.022606382978725	0.000498090652499	0.01734325234529	0.022426429668662	0.005460841137857	0.001324327903589	0.002189283379682	0.01491639914519	0.00508618253744
"FASV45"	0.001505086153207	0.000758885281842	0.004188481675393	0.003927139037433	0.009124152376895	0.001809772772974	0	0.000259201658891	0.004028603081881	0.001874414245548	0.001192783658864	0.000436776588775	0.004494976203067	0.000664893617021	0.000442747246666	0.000394166338195	0.001601888542281	0.000684996670155	0.000662163951794	0.001656706703745	0.003419241783135	0
"FASV46"	0.001712686630683	0.001602249976811	0	0	0.030745177974223	0.004423889000604	0	0.0001728	0.000805720616376	0.002044814245549	0.000894587744148	0	0.023003701745109	0.001329787234043	0	0.000315266535278	0.001517538925892	0.000856130558463	0.000927029532512	0.014259702692148	0.002307761413856	0
"FASV49"	0.000415196657671	0.01016063071799	0.000261780104712	0.000167112299465	0.00095856853765	0.015282525638448	0	0	0.000906435693423	0.002130016188123	0.000298195914716	0.000218388294387	0.000264410364886	0.001994680851064	5.53e-05	7.88e-05	0.000590169462946	0.000780135096566	0	0.001065025738122	0.009531136470488	0.0254309126872
"FASV51"	0.000570894747768	0.000126480880307	0	0.000167112299465	0.000532538076472	0.000603257590991	0	0	0.001309296001611	0.001874414245548	0.000447293872074	0	0	0.000443262411348	0	0	0.001096029002614	0.001046522690515	0.000132432790359	0.000414176675936	0.000897550968073	0
"FASV56"	0.001556985675732	0.000505923521228	0.000261780104712	0.000250712299465	0.001242588845102	0.001206515181983	0	0.000345601658891	0.001107865847517	0.000852006475249	0.000298195914716	0	0.006345848757272	0.000886524822695	0	7.88e-05	0.001686198465559	0.000894301208258	0.000264865580718	0.006094313945921	0.002350728725905	0
"FASV58"	0.000207599045049	0.000337361760614	0.001178010471204	0	0.000426020307451	0.001809772772975	0	0	0	0.0002556	0.001640077530938	0.000218388294387	0.000528820729772	0.001329787234043	0	0.000315266535278	0.00059014961639	9.51e-05	0.000927029532512	0.000236736193125	0.000299162089157	0
"FASV60"	5.19e-05	0.000210801467178	0	8.36e-05	0.000319522845883	0.000201085863664	0	0	0.000100715077047	8.52e-05	0	0	0.000264410364886	0.000221631205674	0	0	0.002023438158671	5.71e-05	0	5.92e-05	4.27e-05	0
"FASV62"	0.001505087108159	0.001222667629327	0.000261780104712	0.000250668449198	0.000213010153726	0.000804343454655	0	0	0.000604290462282	0.0001704	0	0	0.001322051824431	0.000664893617022	0	0.000551766338195	0.001601878619004	0.000970445837694	0.000264865580718	0.00112425764156	0.000384583656024	0.000282565696524
"FASV66"	0.000155698567573	0	0.00065445026178	0.000250668449198	0.01210636560514	0.012467323547155	0	0.127008812856402	0.000100715077047	8.52e-05	0	0.001091941471936	0.011634056054997	0.004210992907802	0.002047662609996	0.102089081592433	8.43e-05	0	0.000264865580718	0.003845926276552	0.010813352139163	0.110483187341057
"FASV69"	0.000311398090098	0.00080106469497	0.00065445026178	0.004846256684493	0.000497035538041	0.000201085863664	0	0	0.000705005539329	0.005964044031695	0.000596391829432	0.009827473247434	0.000264410364886	0	0.000498047246666	0.002128498226251	0.0001686	0.000646847502617	0.000529731161436	0.000532512869062	0.002222466636748	0.005368748233964
"FASV71"	0.002127883288353	0.001981672030862	0.000130890052356	0.000250712299465	0.001988131998437	0.004021717273277	0	0	0.003625742773692	0.013291300366363	0.000298195914716	0.000436776588774	0.004494976203067	0.001329787234044	0	7.88e-05	0.003793916777676	0.001769559452003	0.000397298371077	0.004970215821549	0.005983670509041	0
"FASV75"	0.005293751774964	0.001475649976812	0.005890052356021	0.000250712299465	0.002378667536478	0.00100542931832	0	0	0.006143619699869	0.002726419425748	0.023259281347846	0.000218388294387	0.000264410364886	0.000886524822695	0.0003319302175	0.000315299802917	0.00177049846556	0.000228293796975	0.000264865580718	0.005502696787173	0.001324975146387	0.001412828482622
"FASV76"	0.000415196180195	0.000295122054049	0.000130890052356	0	0.000745553307061	0.00160868690931	0	0	0.001410011078658	0.004600833671296	0.000149097957358	0	0.001322051824431	0.000886524822695	0	0	0.006576164092404	0.002492626771954	0.000132432790359	0.000887553351873	0.000726567312049	0
"FASV78"	0	4.22e-05	0.000130890052356	0.0001672	3.55e-05	0	0	0.0002592	0.000201430154094	0	0.000149097957358	0	0	0.000443262411348	0	0.0001576	0.000168619846556	5.71e-05	0.000397298371077	0.000710017158748	0.0001281	0
"FASV81"	0.003996263234379	0.001222648509634	0	0	0.001597614229417	0.002614116227629	0	0	0.001913586463893	0.004515634318821	0.000298195914716	0	0.000264410364886	0.000221631205674	0	0.000157666535278	0.002866537391451	0.001579314822567	0.000132432790359	0.000295840482812	0.000341924178313	0
"FASV82"	0.001608885198256	0.001475610270247	0.000392670157068	0.000250668449198	0.001881634536869	0.002211944500302	0	0	0.00100715077047	0.002726420720797	0	0	0.001057641459545	0.00177304964539	0.000110686811666	0	0.001601888542281	0.000437636761488	0.000132432790359	0.000591680965623	0.004957900585545	0.008194405199209
"FASV84"	0	0.000463763227792	0	0	0.000319520307452	0.003418459682284	0	0.000950406082599	0.000503575385235	0.0003408025901	0	0	0.003437334743522	0	0.000221373623333	7.88e-05	0.001180329002614	0.002035979269337	0.000132432790359	0.003254277214366	0.001410415668676	0
"FASV99"	0.000103799045049	8.43e-05	0	8.36e-05	0	0	0	8.64e-05	0	0	0	0	0	0	0	7.88e-05	0.000252929769834	3.81e-05	0.000529731161436	0	4.27e-05	0
"FASV100"	0.000103799045049	0.000337322054049	0.000261780104712	0	0.001526606614122	0.009249949728534	0	0	0.000100715077047	0.0001704	0	0	0	0.000443262411348	0	0	0.000421529769834	0.000133193796975	0.000662163951795	0.001005921448435	8.55e-05	0
"FASV102"	0.00083039236039	0.003920966115771	0.001178010471204	0.034592552941175	3.55e-05	0.007842348682889	0	0.099101432037326	0.002115016617987	0.001874411007924	0.000894587744148	0.042585717405547	0.002908514013749	0.003767730496456	0.003929164784991	0.090342891446588	0.00101169923278	0.000818170649796	0.018937889021326	0.00550276059405	0.019703278163866	0.095789771121784
"FASV104"	5.19e-05	0	0	0	0	0.000201085863664	0	0.0001728	0	0	0.000447293872074	0	0	0.000443262411348	0.0001106	0.0001576	0	0.0001331	0.000132432790359	5.92e-05	0.000213621566868	0
"FASV111"	0	0.000168680880307	0	0	0.0001065	0.000402171727328	0	0	0	0.110079236602198	0	0	0	0.000443262411348	0	0	8.43e-05	0.000970356578823	0	5.92e-05	0	0
"FASV113"	0.000311397135146	0	0	8.36e-05	0	0	0	0	0.000100715077047	0	0	0	0	0	5.53e-05	0	8.43e-05	5.71e-05	0	0	8.54e-05	0
"FASV118"	0.000155699045049	0.000126480880307	0	0	7.1e-05	0.001005429318319	0	0	0.003122167388458	0.000766805827724	0	0	0	0	0	7.88e-05	0.001686188542281	0.001560214822567	0	0.00029587238625	0.000341962089157	0.000282565696524
"FASV121"	0.00046709570272	0.008853661621485	0.001178010471204	0.000584893048128	0.004153796996485	0.004423889000603	0	0.000777604976672	0.000805720616376	0.01678452756241	0.000298195914716	0.001091941471937	0	0.000221631205674	0.000110686811666	0.000788332676389	0.002697917544895	0.001350937969746	0	5.92e-05	0.000128221566868	0
"FASV122"	0.0001038	0	0	0	3.55e-05	0	0	0	0.000604290462282	0	0	0	0.000264410364886	0	0.000110686811666	0.000157666535278	0	1.9e-05	0	0.0001776	0	0
"FASV125"	0.0001038	0.000843245575277	0	8.36e-05	0.000177507615294	0	0	0.0001728	0.000201430154094	0	0	0	0	0	0	0	0.000927389309502	0.000380615279231	0.000397298371077	0	4.27e-05	0
"FASV129"	0.001089889973012	0.001138307335891	0	0	0.000355020307452	0.000804343454656	0	8.64e-05	0.000402860308188	0.001448411007923	0.000149097957358	0	0.000264410364886	0	0	0	0.002192058005228	0.000456681390924	0	0.000473376675936	0.000384683656024	0
"FASV131"	0.000103799045049	0.000590342640921	0.000130890052356	8.36e-05	0.000319515230589	0.000402171727328	0	0	0.000100715077047	0.000596403237625	0	0	0.000264410364886	0	0	0	0.000337239693112	0.0001522	0	0.000532544772499	0.000384521566868	0
"FASV132"	5.19e-05	0.000168641173743	0	8.36e-05	7.1e-05	0.000201085863664	0	0	0.000100715077047	0.001448409712874	0	0	0	0.000221631205674	0	7.88e-05	0	3.81e-05	0	0.002721764345305	4.27e-05	0
"FASV134"	0.000155699045049	8.44e-05	0	0	3.55e-05	0.000402171727328	0	0	0.000100715077047	0.0003408025901	0.000298195914716	0	0.000264410364886	0.000443262411348	0	0	0.002444987775061	7.61e-05	0	0.000355040482812	0.000341962089157	0
"FASV135"	5.19e-05	0	0	0	0.0001775	0.000804343454655	0	0	0	0.0001704	0.000149097957358	0	0	0.000221631205674	5.53e-05	0	0.0002529	0.0001523	0	5.92e-05	8.54e-05	0
"FASV137"	0	0.0001265	0	8.36e-05	0	0.000201085863664	0	0	0	0.00017040129505	0	0	0	0	0	0	0	1.9e-05	0.000132432790359	5.92e-05	0.000128221566868	0
"FASV138"	0.000622794747769	0.000463782347486	0.000130890052356	0	0.000106507615294	0.000201085863664	0	0	0	8.52e-05	0.000298195914716	0	0	0	0	0	0.001939128235393	9.51e-05	0.000132432790359	0.0001776	4.27e-05	0
"FASV142"	0.000259497612622	4.22e-05	0	0	3.55e-05	0.002211944500302	0	0	0	0.0003408025901	0	0	0	0	0	0	8.43e-05	9.51e-05	0	0	8.55e-05	0
"FASV144"	0.000259498567573	0.000252941173743	0	0	0.000142007615294	0.000201085863664	0	0	0.000402860308188	0	0.000149097957358	0	0	0.000221631205674	0	0	0.000252929769834	0.000209293796975	0	0.0001184	0.000384543133736	0
"FASV146"	0	0	0.000130890052356	0	7.1e-05	0	0	0	0	0	0.000149097957358	0	0	0.000221631205674	0	0	8.43e-05	1.9e-05	0	0	0	0
"FASV147"	0.001089890450488	0.000126480880307	0.000261780104712	0.000584936898396	0.002236652305889	0.001407601045647	0	0.011491272438223	0	0.000852005827724	0.001043685701506	0	0.002908514013749	0	0.000165986811666	7.88e-05	0.000168619846556	3.81e-05	0.000132432790359	0.000591712869061	0.002692671859641	0
"FASV149"	0.000622794747768	0.000168641173743	0	0.000167112299465	0	0.000201085863664	0	0	0	0	0	0	0	0	0	0	0	1.9e-05	0	0	4.27e-05	0
"FASV151"	0.000103799045049	0.000463763227792	0.000261780104712	8.36e-05	0	0	0	0	0.000604290462282	0.002556019425748	0.000149097957358	0	0	0	0	0	0.000421539693112	0.000152193796975	0	5.92e-05	8.55e-05	0
"FASV156"	0.000363297135147	8.43e-05	0.000130890052356	8.36e-05	0	0.000201085863664	0	0	0	0	0.000149097957358	0	0.000264410364886	0	0	0	8.43e-05	0.000951307411283	0	0	0	0
"FASV160"	0.001297488540586	0.00080106469497	0	0.0002508	0.000248512692157	0.000201085863664	0	0	0.001712156309799	0.001533611007924	0.000149097957358	0	0.000528820729773	0.000221631205674	0	0	0.002023418312116	0.000894207411284	0	0.000355040482812	0.0001709	0
"FASV163"	0	0.000253001467178	0	0	0	0.000402171727328	0	0	0	0.000255601942575	0.000447293872074	0	0	0	5.53e-05	0	0	7.61e-05	0	0.000177536193125	0.000128221566868	0
"FASV167"	5.19e-05	0.00033732205405	0	0	7.1e-05	0.002413030363966	0	0.000432001658891	0.000402860308188	0.002300416835648	0.000298195914716	0	0	0	0.000110686811666	0	0.0003372	1.9e-05	0	5.92e-05	0.000683807834338	0
"FASV171"	0.00083039236039	0.000253041173743	0	8.36e-05	0.00149110407569	0.000402171727328	0	0.000172801105927	0.000503575385235	0.00051120388515	0	0	0.001586462189317	0	0	0	0.0001686	0.000380598335078	0.000132432790359	0.000118336193125	0.000982969923494	0
"FASV173"	0.0001557	0.000126480880307	0	0	0.000142010153726	0	0	0	0	0.0003408025901	0	0	0.000264410364886	0	0	0	8.43e-05	7.61e-05	0	5.92e-05	0.0002564	0
"FASV185"	0.000103799045049	4.22e-05	0	0	0.000213010153726	0	0	0	0	0	0	0	0.000528820729773	0	0	0	0	0	0.000132432790359	0.000414240482812	0.000341924178314	0
"FASV190"	0.000778493315343	0.006408404308782	0.002356020942408	0.000919161497326	3.55e-05	0.005228232455259	0	0.002332813824088	0.000503575385235	0.013546901661414	0	0.001528718060712	0.000264410364886	0.003546099290781	5.53e-05	0.000315299802917	0.000590139693112	0.000856235096565	0.003708118130049	0	0.000470064700603	0
"FASV192"	0.000259498090098	0.0001265	0	8.36e-05	3.55e-05	0	0	0	0	0	0	0	0	0	0	0	0	7.61e-05	0.000132432790359	0	4.27e-05	0
"FASV195"	0.000259498567573	0.000210801467178	0.000130890052356	0.000417912299465	0.000958563460787	0.003016287954957	0	0.005961637048557	0.000302145231141	0.0001704	0	0	0.000528820729772	0	0	0.000315333070556	0.001180329002614	0.0001331	0	5.92e-05	0.000983029401205	0
"FASV197"	0.000363297612622	0.000337261760614	0	0	0.003017703074519	0.001005429318319	0	0	0.000100715077047	0.0008520051802	0	0	0.000528820729772	0.000664893617022	0	0	0.002192028235394	0.000285293796975	0	0.001538466220934	0.000299143133736	0
"FASV198"	0.0001557	8.43e-05	0	0	3.55e-05	0.000603257590992	0	0	0.000604290462282	0.000937207122774	0.000447293872074	0	0	0	0	0.000157666535278	0	0	0	5.92e-05	4.27e-05	0
"FASV199"	0.0001038	0	0	0	3.55e-05	0.000201085863664	0	0	0	8.52e-05	0	0	0	0.000221631205674	0	0	8.43e-05	7.61e-05	0	0	0.000384683656024	0
"FASV201"	0	0	0	0	0.000142	0	0	0	0	0	0	0.000218388294387	0.000264410364886	0	0	7.88e-05	0.000252929769834	7.61e-05	0	0	0	0
"FASV211"	5.19e-05	4.22e-05	0	0.000250668449198	7.1e-05	0	0	0	0.000100715077047	0	0	0.000655164883162	0	0	0	0	0	3.81e-05	0	5.92e-05	0	0
"FASV215"	0.000103799045049	0.000168641173743	0.000261780104712	8.36e-05	0.00039051776902	0.000201085863664	0	0	0.000402860308188	0.00017040129505	0	0.000218388294387	0	0.000221631205674	0	0	0	9.52e-05	0	0.000118336193125	0.000555543133736	0
"FASV245"	0.000207598090098	4.22e-05	0	0	0.000177510153726	0.000201085863664	0	0	0	0	0.000149097957358	0	0	0	5.53e-05	0	0	1.9e-05	0	0.000118336193125	0	0
"FASV247"	0.000363296657671	0.001011847042455	0	0	0.000461525384315	0.000603257590991	0	0	0.000302145231141	0.001363209065349	0	0	0.000264410364886	0.000443262411348	0	0	0.000252929769834	0.00045672602036	0	5.92e-05	0.002179726114459	0.001412828482622
"FASV250"	0.000363296657671	0.000674544108099	0.000130890052356	0	0.000816548230198	0	0	8.64e-05	0.000503575385235	0.00034080129505	0	0	0.000528820729772	0	0	0	0.000421519846556	0.000266449167539	0.000132432790359	0.000769185255311	0.000170921566868	0.000282565696524
"FASV252"	0.004359559892048	0.000379442640921	0	0.000167112299465	0.002840203074519	0.000402171727328	0	8.64e-05	0.001309296001611	0.0002556	0	0	0.001586462189318	0	0	0	0.001939118312116	0.000171266111693	0	0.005384296787172	0.000213702611446	0
"FASV257"	0.000155699045049	0.000210801467178	0	8.36e-05	0	0	0	0	0.000100715077047	0	0	0	0	0	0	0	0.0001686	7.62e-05	0	0	8.55e-05	0
"FASV267"	0.000155699045049	0.000252961760614	0	0	3.55e-05	0	0	0	0.000604290462282	0.000852006475249	0	0	0.000264410364886	0	0	0	0	7.61e-05	0	5.92e-05	4.27e-05	0
"FASV276"	0.000830392360391	0.000253001467178	0.000130890052356	0	3.55e-05	0	0	0	0.000705005539329	0.0006816051802	0	0	0	0	0	0	0.000674479386224	0.000285349167539	0	0	0.000256462089157	0
"FASV277"	0	0	0.000130890052356	0	3.55e-05	0.000201085863664	0	0	0	0	0.000298195914716	0	0	0	0	0	8.43e-05	1.9e-05	0	0	4.27e-05	0
"FASV285"	5.19e-05	4.22e-05	0	0	3.55e-05	0	0	0	0.000201430154094	8.52e-05	0	0	0	0	5.53e-05	0	0.0001686	0.0001142	0	0.0001184	8.54e-05	0
"FASV287"	0	8.43e-05	0	0	3.55e-05	0.000201085863664	0	0	0.000100715077047	8.52e-05	0	0	0	0	0	0	0.000337229769834	0.000589875187898	0	0	0	0
"FASV291"	0.000259498090098	4.22e-05	0.000523560209424	0	0.000213015230589	0	0	0	0.000302145231141	8.52e-05	0.000447293872074	0	0.000793231094659	0.000664893617021	0.0001660302175	0	0.00050584961639	5.71e-05	0	0.003905094373113	0.0001282	0
"FASV293"	0.000103799045049	8.43e-05	0	8.36e-05	0	0	0	0	0.000100715077047	0	0	0	0	0	0	0	0.000252919846556	1.9e-05	0	0	0	0
"FASV305"	0.000155698567573	8.43e-05	0	0	0	0.000201085863664	0	0	0.000302145231141	0	0.000149097957358	0.000218388294387	0	0	0	0	0.000168619846556	1.9e-05	0	0.0001184	0	0
"FASV307"	0	0.000337341173743	0.000130890052356	0	0.020058934213795	0.000804343454656	0	0	0.000201430154094	0.000596403237625	0.000149097957358	0	0.00290851401375	0.000221631205674	0	0.000157666535278	0.0001686	7.61e-05	0	0.002189219572806	0.001068472534941	0
"FASV309"	5.19e-05	0.0001688	0.000130890052356	0.002506684491978	3.55e-05	0.001206515181983	0	0.007516847001901	0	0.001022405827724	0	0.016597510373445	0.000264410364886	0.005984042553191	0.000221373623333	0.009065825778479	0.000168619846556	0.0001713	0.002251357436101	0	0.001966023503012	0.00254309126872
"FASV327"	5.19e-05	0	0	0	3.55e-05	0.000402171727328	0	0	0.000201430154094	0	0.000149097957358	0	0.000528820729773	0	0	0	0.000252929769834	3.81e-05	0	0	4.27e-05	0
"FASV336"	0.000363296657671	0	0	0	3.55e-05	0.000402171727328	0	0	0.000201430154094	8.52e-05	0	0	0.000264410364886	0	0	7.88e-05	0	0.0001522	0	0.000473344772499	0.000299143133735	0
"FASV341"	5.19e-05	4.22e-05	0.000392670157068	8.36e-05	0.000390520307452	0	0	0.0001728	0.000201430154094	0	0.000149097957358	0.000218388294387	0.000264410364886	0	0	0.0001576	0.000168619846556	0	0.000264865580718	0.00100585764156	8.54e-05	0
"FASV351"	0.000570894747769	0	0	0	0.0001065	0	0	0.00708484534301	0	0	0	0	0	0.000443262411348	0	0	0.00050584961639	0.000152193796975	0.000397298371077	0.000710049062186	0	0
"FASV357"	0.000207598090098	0.000253001467178	0.000130890052356	0.001002673796791	0.000213012692157	0	0	0	0.000302145231141	0	0.000298195914716	0	0.001322051824432	0	0.000830151087498	0	0.000168619846556	0.000551802873181	0.000397298371077	0.001124193834684	0.000213721566868	0
"FASV360"	0.000207599045049	0	0	0	0.010189228529839	0	0	0	0.008359351394903	0.0004260025901	0	0.001091941471937	0	0	0	0	0	1.9e-05	0	0.009821904029347	0	0
"FASV364"	5.19e-05	0.000252961760614	0	0	3.55e-05	0	0	0	0	8.52e-05	0	0	0	0	0	0	0	0.0001142	0.000132432790359	0	0.000256462089157	0
"FASV365"	0.000311397135147	0.0002108	0	0	3.55e-05	0	0	0	0.000201430154094	0.00017040129505	0	0	0.000264410364886	0	0	0	0.000168619846556	0.000323470649796	0	5.92e-05	0	0
"FASV366"	0	0.000337282347485	0	0	3.55e-05	0.008445606273879	0	0	0	0.000426003237625	0	0	0	0	0	0	0	5.71e-05	0	0.000118336193125	0.000299183656025	0
"FASV376"	0	0.000210780880307	0.000130890052356	0	0.001739624383143	0.001005429318319	0	8.64e-05	0	0.00051120388515	0	0	0	0	0	0	0.000590169462946	0.000152266111693	0	0.000177504289687	8.55e-05	0
"FASV386"	0	8.43e-05	0	0	0.000248512692157	0	0	0.000518402764818	0	0.000596404532675	0	0.001528718060712	0.000264410364886	0	0.002269036233328	7.88e-05	0	0	0	0.0001776	0.000170921566868	0
"FASV390"	0.000155699045049	0	0	0	0.000106507615294	0.000201085863664	0	0	0.000302145231141	8.52e-05	0	0.000218388294387	0.000264410364886	0	0	0	0	1.9e-05	0	0.000355008579374	0.000128221566868	0
"FASV400"	0.00051899570272	4.22e-05	0	0	0.000568038076472	0.005429318318922	0	0	0	0.017040129504983	0	0	0	0	0	0	0	0.000380570649796	0	0.000177536193125	0	0
"FASV422"	0.000207598567573	4.22e-05	0	0	0	0	0	0	0	8.52e-05	0	0	0	0	0	7.88e-05	8.43e-05	0	0	0	8.55e-05	0
"FASV444"	0	8.43e-05	0	0	7.1e-05	0.000402171727328	0	0	0.000100715077047	0	0	0	0	0	0	0	8.43e-05	1.9e-05	0	0	0.000128221566868	0
"FASV446"	0.000259498090098	0.000295201467178	0	8.36e-05	0.000248512692157	0	0	0	0	0.0004260025901	0	0	0	0	5.53e-05	0	8.43e-05	1.9e-05	0	5.92e-05	0.0002564	0.000282565696524
"FASV451"	0.0001038	0.000295161760614	0	0	0	0	0	0	0.000100715077047	0.000681605180199	0	0	0	0	0	0	0.000337239693112	0.000323442964513	0	0	8.55e-05	0
"FASV463"	0.000415196180195	0	0	0	0.000994065999219	0	0	0	0.000201430154094	0	0	0	0.000528820729772	0	0	7.88e-05	8.43e-05	3.81e-05	0.000132432790359	0.000710049062186	4.27e-05	0
"FASV474"	0	0.000126480880307	0	0	0	0.000201085863664	0	0	0.000100715077047	0.0004260025901	0	0	0	0	0	0	0.000252919846556	5.71e-05	0	0.000118336193125	0.000128221566868	0
"FASV475"	5.19e-05	0	0	0	0.00024851776902	0.001407601045647	0	0	0	0	0	0	0	0.000221631205674	0	0	0	1.9e-05	0	0.0001184	4.27e-05	0
"FASV481"	0	0.000168641173743	0	0	0	0	0	0	0.000100715077047	0.000255601942575	0	0	0.000264410364886	0.000221631205674	0	0	0.000168619846556	9.52e-05	0	0	0.000341924178314	0
"FASV483"	0.0001038	4.22e-05	0	0	0	0.000201085863664	0	0	0	8.52e-05	0	0	0	0	0	0	8.43e-05	0	0	0.000177504289687	4.27e-05	0
"FASV485"	0	0.0001265	0	0	7.1e-05	0	0	0	0	0.00017040129505	0	0	0	0	0	0	8.43e-05	3.81e-05	0.000132432790359	0.000118336193125	0.000427405222892	0
"FASV493"	0.000207598090098	0	0	0	7.1e-05	0.000603257590991	0	0	0	0	0	0	0.000264410364886	0	0	0	0.000337239693112	3.8e-05	0	0.000177504289687	0	0
"FASV494"	0	8.44e-05	0	8.36e-05	0.000390527922745	0.000603257590991	0	8.64e-05	0	0.0001704	0.000149097957358	0	0.000264410364886	0.000221631205674	0	7.88e-05	0	9.52e-05	0.000264865580718	0.0001776	0.000256321566868	0
"FASV501"	0.000311398090098	4.22e-05	0	0	0.000284012692157	0	0	0	0.000906435693423	0	0	0	0.000264410364886	0	0	0	0.0001686	0	0	0.000236672386249	0	0
"FASV523"	0.000155699045049	8.44e-05	0	0	0	0.000201085863664	0	0	0.000100715077047	0.0001704	0	0	0.000264410364886	0	0	0	0	5.71e-05	0	0.000118336193125	8.54e-05	0
"FASV525"	0	0.0001686	0	0	0	0	0	0	0.000201430154094	0	0	0	0.000264410364886	0	0	0	8.43e-05	3.81e-05	0	5.92e-05	8.55e-05	0
"FASV540"	0.000259498567573	4.22e-05	0.000130890052356	0	0.002449675151772	0.001608686909311	0	0	0.001309296001611	0	0	0	0.000264410364886	0	0	0	0	0.000247321482257	0	0.000355008579374	0.000170921566868	0
"FASV554"	0.000103799045049	0	0	0	0.000142	0.000201085863664	0	0	0.000100715077047	0.000766805827725	0	0	0	0.000221631205674	0	0	8.43e-05	9.51e-05	0	0.000177536193125	8.55e-05	0
"FASV557"	0	0	0	0	0	0	0	0	0.000100715077047	0.001278009712874	0	0	0	0.000443262411348	0	0	8.43e-05	1.9e-05	0	0	8.55e-05	0
"FASV585"	0.001920284243305	0.000548123521228	0.000261780104712	0.000167112299465	0.002023642152164	0.001005429318319	0	0	0.000201430154094	0.000766805180199	0	0	0.000264410364886	0.001551418439717	0	0	0.00075874961639	0.000989479726001	0	0.002248387669369	0.000854729401205	0
"FASV587"	5.19e-05	0.000210801467178	0	0	0	0	0	0	0	0.001874413598023	0	0	0	0	0	0	8.43e-05	0.000133166111693	0	0	0.000470105222892	0
"FASV595"	0.002491177558647	0	0.001439790575916	0	0.000426025384315	0.000201085863664	0	0.001123207188526	0.000503575385235	8.52e-05	0.004174742806024	0	0.000264410364886	0.001108156028369	0.001549571957496	0.000788299408751	0.002023438158672	1.9e-05	0	0.000236704289687	0.0001282	0
"FASV611"	5.19e-05	8.44e-05	0	0	7.1e-05	0.009451035592198	0	0	0.000201430154094	8.52e-05	0	0	0	0.000664893617022	0	0	0	0	0	0	0.0001281	0
"FASV634"	0.000155698567573	8.43e-05	0	0	3.55e-05	0	0	0	0	0.0004260025901	0	0	0	0	0	0	8.43e-05	0	0	5.92e-05	4.27e-05	0
"FASV653"	0	8.44e-05	0	0	3.55e-05	0	0	0	0	0.000255601942575	0	0	0	0	0	0	0.000168619846556	9.52e-05	0	5.92e-05	4.27e-05	0
"FASV656"	0.000311397135147	0.000463802934356	0	0	0.000532532999609	0	0	0	0.000100715077047	0	0	0	0	0	0	0	8.43e-05	5.71e-05	0	0.000532512869061	8.55e-05	0
"FASV742"	0	0.000210780880307	0	0	3.55e-05	0.000603257590992	0	0	0	0.000340801942575	0	0	0	0	0	0	0	0.001103605746361	0	0	4.27e-05	0.000565131393048
"FASV764"	0.000155699045049	0	0	0	0.004402312227073	0	0	0	0.000201430154094	8.52e-05	0	0	0.001322051824431	0.000221631205674	0	0	0.001096009156058	5.71e-05	0	0.000769217158749	4.27e-05	0
"FASV793"	0.0001038	0	0.000130890052356	8.36e-05	0.000213015230589	0	0	0.000172801105927	0	8.52e-05	0.000149097957358	0	0	0.000221631205674	0	0.000551832873473	0	1.9e-05	0.000132432790359	0.000295872386249	0	0
"FASV810"	0.000207599045049	4.22e-05	0	0.003676470588235	0.0001065	0	0	0	0.002618592003222	0	0	0.000218388294387	0.000528820729773	0	0	0.000394133070556	0	0	0	0.0001184	4.27e-05	0
"FASV878"	0.000103799045049	8.43e-05	0	0	0	0	0	0	0	8.52e-05	0	0	0	0.000221631205674	0	0	0.002192058005227	0.000133193796975	0	0	0.000299183656024	0
"FASV880"	0.000207599045049	0	0	0	0.000674548230198	0	0	0	0.000302145231141	0	0.000149097957358	0	0.000793231094659	0	0	0	0.000927389309502	9.51e-05	0	0.00029587238625	0	0
"FASV906"	0	0	0	0	0	0.000603257590991	0	0.0001728	0.000100715077047	0.00068160388515	0	0	0.000264410364886	0.000221631205674	0	0	0	5.71e-05	0	0	0.000555545745181	0.000565131393048
"FASV908"	5.19e-05	0	0	0	0	0.000201085863664	0	0	0.000402860308188	0	0	0	0	0	0	0	8.43e-05	1.9e-05	0	5.92e-05	4.27e-05	0
"FASV952"	0	4.22e-05	0	0	0	0	0	0	0	8.52e-05	0	0	0	0	0	7.88e-05	8.43e-05	1.9e-05	0	5.92e-05	0	0
"FASV1058"	0	8.44e-05	0.000130890052356	0	0	0.000201085863664	0	0	0.000100715077047	0	0.000149097957358	0	0	0	0	0	0	3.8e-05	0	0	0	0
"FASV1107"	0.000103799045049	0	0.000130890052356	0	0.000426022845883	0	0	0	0	0.00017040129505	0	0	0.000264410364886	0	0	0	0	0	0	5.92e-05	4.27e-05	0
"FASV1123"	5.19e-05	0.0001265	0	0	7.1e-05	0.000201085863664	0	0	0	0.00025560129505	0	0	0	0	0	0	0	9.52e-05	0	0.0001184	8.54e-05	0
"FASV1144"	0.000103799045049	0	0	0	7.1e-05	0.000201085863664	0	0	0.000201430154094	0	0	0	0.000264410364886	0	0	0	0.001433268695725	0	0	5.92e-05	0	0
"FASV1166"	0.000155699045049	4.22e-05	0	0	0	0.000201085863664	0	0.000172801105927	0	0.00017040129505	0	0	0	0	0	0	0.000252919846556	0.000190321482257	0	0.000355040482812	0.000341883656024	0
"FASV1256"	0.000103799045049	0	0	0	3.55e-05	0	0	8.64e-05	0.000402860308188	8.52e-05	0	0	0	0	0	0	8.43e-05	0	0.000132432790359	0.000118336193125	0	0
"FASV1289"	5.19e-05	0	0	0	3.55e-05	0	0	0	0	0	0	0	0.000264410364886	0	0	0	0	1.9e-05	0	0.0001184	4.27e-05	0
"FASV1305"	0.0001038	0	0.000130890052356	0.000250668449198	7.1e-05	0	0	0	0	8.52e-05	0	0	0.000264410364886	0.000221631205674	0	0	0	7.61e-05	0	0.000118336193125	0.000384664700603	0
"FASV1385"	0	0.000126480880307	0	0	7.1e-05	0	0	0	0.000302145231141	0	0	0	0	0	0	0	0.000337239693112	0	0	0.000118336193125	0.000598326789759	0
"SUM"	0.0068721332065	0.014667167492518	0.002315948179322	0.004530007656835	0.009860904347206	0.089808023305785	0.005481454412575	0.009762866437312	0.00746517186308	0.020913581361819	0.008944492496739	0.003708314211456	0.010844936158203	0.005786213381828	0.001561204145519	0.004904695155532	0.006550193008036	0.014237031063339	0.011124354390149	0.005385381504055	0.007434844394583	0.001130262786097
